1.	0.9976967470370622
1.1	0.9972212070576253
1.2	0.9974673942285014
1.3	0.9971689965964433
1.4	0.9974895540089663
1.5	0.9966918257889076
1.6	0.9979131588593914
1.7000000000000002	0.9970404951223284
1.8	0.998627118477134
1.9	0.9978487082137736
2.	0.9978905662862622
2.1	0.9978083632005603
2.2	0.9966783163079211
2.3	0.997178324402979
2.4000000000000004	0.9976448689821608
2.5	0.9975857268884598
2.6	0.9975277766337649
2.7	0.9981413598129063
2.8	0.9985137065311203
2.9000000000000004	0.9984176005735961
3.	0.9983693595128534
3.1	0.9983142063915739
3.2	0.998257837378664
3.3000000000000003	0.99819951094061
3.4000000000000004	0.9982024701989058
3.5	0.9981940271153621
3.6	0.9981977445660812
3.7	0.9981806898893644
3.8000000000000003	0.9981920214509894
3.9000000000000004	0.9981617412560214
4.	0.997002084791612
4.1	0.9978921143321222
4.2	0.9975325974890438
4.300000000000001	0.9978127703030091
4.4	0.9975563138442807
4.5	0.9977278779507739
4.6	0.9975727584297248
4.7	0.9976412682664713
4.800000000000001	0.9975636101788052
4.9	0.9975589927219171
5.	0.9975167035966916
5.1000000000000005	0.9974773348041714
5.2	0.9974256318513455
5.3	0.9973508664410954
5.4	0.9972111596292915
5.5	0.9972158197467793
5.6000000000000005	0.9971585403028075
5.7	0.9971684585417158
5.800000000000001	0.9971022291310784
5.9	0.9971202416179767
6.	0.9970413171871351
6.1000000000000005	0.9970724618776325
6.2	0.9969736509595871
6.300000000000001	0.9970274438745463
6.4	0.9968959517072559
6.5	0.9969918947066964
6.6000000000000005	0.9967986292835841
6.7	0.9969861984979468
6.800000000000001	0.9966542808562393
6.9	0.9955091849475943
7.	0.9969259385104682
7.1000000000000005	0.9964881522898513
7.2	0.9957404598664513
7.300000000000001	0.9968381638258486
7.4	0.9963309163539857
7.5	0.9957254755190309
7.6000000000000005	0.9964803584578253
7.7	0.9970814371803856
7.800000000000001	0.9957421486134063
7.9	0.9953748647315144
8.	0.9961867230017128
8.100000000000001	0.9971495231478112
8.2	0.9956112022120128
8.3	0.9960460257895379
8.4	0.9969390436052556
8.5	0.9951234081576901
8.600000000000001	0.9954996948450575
8.7	0.9952058254927854
8.8	0.9958690448270994
8.9	0.9962025391826821
9.	0.9951923730818754
9.1	0.994637962890053
9.200000000000001	0.9944153911178936
9.3	0.9948266496697953
9.4	0.9942586151370584
9.5	0.9941106581383368
9.6	0.9940273138481719
9.700000000000001	0.9934793114782459
9.8	0.9944376645356602
9.9	0.993420442716464
10.	0.9935711227589549
10.1	0.9920322317335625
10.200000000000001	0.9934814749852914
10.3	0.9952525803789637
10.4	0.9965213071692772
10.5	0.9913668418766353
10.600000000000001	0.994523287994285
10.700000000000001	0.9931047649021217
10.8	0.9950876807181879
10.9	0.9957314586059224
11.	0.9951613361451588
11.100000000000001	0.9920552683606617
11.200000000000001	0.9948774685469881
11.3	0.9912552946473719
11.4	0.9899261438951725
11.5	0.9925021696394157
11.600000000000001	0.2253620326414712
11.700000000000001	0.21902463909575332
11.8	0.21338620964585428
11.9	0.20830662028836647
12.	0.20368497645914066
12.100000000000001	0.1994461188777194
12.200000000000001	0.1955324347604057
12.3	0.19189867646000103
12.4	0.18850863101191015
12.5	0.18533282601875664
12.600000000000001	0.18234688900241625
12.700000000000001	0.17953042908132305
12.8	0.17686626795109925
12.9	0.17433971173579474
13.	0.17193809431150872
13.100000000000001	0.16965048057774879
13.200000000000001	0.16746728643909523
13.3	0.16538009353967265
13.4	0.16338146495335135
13.5	0.1614648440690687
13.600000000000001	0.15962430228644106
13.700000000000001	0.15785458606125774
13.8	0.1561509399083458
13.9	0.15450906406624598
14.	0.15292509233659812
14.100000000000001	0.15139549295890847
14.200000000000001	0.14991701055393358
14.3	0.14848675675109974
14.4	0.14710197710250852
14.5	0.14576021645532108
14.600000000000001	0.14445918029141228
14.700000000000001	0.1431967642906105
14.8	0.14197099293172896
14.9	0.14078007289714195
15.	0.13962231995739174
15.100000000000001	0.13849615497058917
15.200000000000001	0.13740012898298568
15.3	0.13633287176964745
15.4	0.13529313206471555
15.5	0.13427968549514546
15.600000000000001	0.1332914196529369
15.700000000000001	0.13232729093934442
15.8	0.1313863145132165
15.9	0.1304675603529702
16.	0.1295701331689811
16.1	0.12869322913036138
16.200000000000003	0.12783605411741505
16.3	0.12699787216994404
16.4	0.12617799539334343
16.5	0.12537573692810158
16.6	0.12459048769962922
16.700000000000003	0.1238216459600448
16.8	0.12306865067367379
16.9	0.1223309624522161
17.	0.12160806535281637
17.1	0.12089951250646766
17.2	0.12020471747912086
17.3	0.11952340948755305
17.400000000000002	0.11885501405897886
17.5	0.11819920787057987
17.6	0.11755557814809023
17.7	0.11692376246325115
17.8	0.11630341100186987
17.900000000000002	0.11569418205845258
18.	0.1150957501720221
18.1	0.11450780070008866
18.2	0.11393006078726457
18.3	0.11336222007903572
18.400000000000002	0.11280401078647266
18.5	0.11225515587664242
18.6	0.11171542620491211
18.7	0.11118456975273754
18.8	0.11066234129763318
18.900000000000002	0.11014853740935382
19.	0.10964291697553018
19.1	0.10914528867016003
19.2	0.10865543961880766
19.3	0.10817317757929537
19.400000000000002	0.10769831412209668
19.5	0.10723067856058131
19.6	0.10677008330907557
19.7	0.10631637003847515
19.8	0.1058693748569073
19.900000000000002	0.1054289326576595
20.	0.10499489331500485
20.1	0.10456711789989166
20.200000000000003	0.10414545181379767
20.3	0.10372976389634823
20.400000000000002	0.10331992413865995
20.5	0.10291580583391807
20.6	0.10251726960870179
20.700000000000003	0.102124208027356
20.8	0.10173649791731552
20.900000000000002	0.10135403301623833
21.	0.10097667878013272
21.1	0.100604363652395
21.200000000000003	0.10023695392256521
21.3	0.09987436649155432
21.400000000000002	0.099516498203445
21.5	0.09916325381163525
21.6	0.09881454297618172
21.700000000000003	0.09847026511293286
21.8	0.0981303501276541
21.900000000000002	0.0977946980835381
22.	0.09746324370457625
22.1	0.0971358886313773
22.200000000000003	0.09681256009633515
22.3	0.09649319249353741
22.400000000000002	0.09617770198437195
22.5	0.09586601873723054
22.6	0.09555807023168982
22.700000000000003	0.09525380052979868
22.8	0.0949531274048585
22.900000000000002	0.09465600630500584
23.	0.09436234232712046
23.1	0.09407210268008163
23.200000000000003	0.09378521737838606
23.3	0.09350162718139145
23.400000000000002	0.0932212782649723
23.5	0.09294412167077722
23.6	0.09267008150593407
23.700000000000003	0.0923991296307685
23.8	0.0921312009053238
23.900000000000002	0.09186624672405375
24.	0.0916042231229223
24.1	0.09134507833289827
24.200000000000003	0.09108875690013157
24.3	0.09083523664605753
24.400000000000002	0.09058445239918644
24.5	0.09033636097730273
24.6	0.09009093014940694
24.700000000000003	0.08984811770886676
24.8	0.08960787579413289
24.900000000000002	0.08937016697101877
25.	0.08913494643681848
25.1	0.08890220453439476
25.200000000000003	0.08867186510845125
25.3	0.08844391308123255
25.400000000000002	0.08821830745764685
25.5	0.0879950157738964
25.6	0.08777400489528053
25.700000000000003	0.08755524406383848
25.8	0.08733868577815747
25.900000000000002	0.08712432243868715
26.	0.08691209802755338
26.1	0.08670199448271489
26.200000000000003	0.08649399294990763
26.3	0.08628803934931806
26.400000000000002	0.08608411832215862
26.5	0.08588221254729562
26.6	0.08568226670769372
26.700000000000003	0.08548428832164162
26.8	0.08528821615536172
26.900000000000002	0.08509404647446242
27.	0.08490174787775444
27.1	0.08471129808789658
27.200000000000003	0.08452266404778816
27.3	0.08433583510597978
27.400000000000002	0.08415078281269694
27.5	0.0839674753165517
27.6	0.08378590067873563
27.700000000000003	0.08360602425326506
27.8	0.08342783467297359
27.900000000000002	0.08325132440434224
28.	0.0830764451008744
28.1	0.08290319333918886
28.200000000000003	0.08273154253016707
28.3	0.08256146451530358
28.400000000000002	0.08239296326163567
28.5	0.08222599708238827
28.6	0.0820605633757527
28.700000000000003	0.08189663846514461
28.8	0.08173418967190779
28.900000000000002	0.08157322075756557
29.	0.08141371178703453
29.1	0.08125563351982884
29.200000000000003	0.08109896793372415
29.3	0.08094372226991431
29.400000000000002	0.08078985528246642
29.5	0.08063735832125987
29.6	0.08048622690550203
29.700000000000003	0.0803364328160452
29.8	0.08018796536360796
29.900000000000002	0.08004080573884285
30.	0.0798949427787954
30.1	0.07975036739061615
30.200000000000003	0.0796070574085967
30.3	0.07946499827834307
30.400000000000002	0.07932418678664568
30.5	0.07918459873698096
30.6	0.07904622696052688
30.700000000000003	0.07890905651103529
30.8	0.07877307819708457
30.900000000000002	0.07863828244702749
31.	0.07850463569291645
31.1	0.07837215562959758
31.200000000000003	0.07824080852792645
31.3	0.07811058920580556
31.400000000000002	0.07798149732008414
31.5	0.07785350309119288
31.6	0.07772661220554214
31.700000000000003	0.07760080355774022
31.8	0.07747605763972054
31.900000000000002	0.07735238516716782
32.	0.07722976693637254
32.1	0.07710819100073457
32.2	0.07698763649194283
32.3	0.07686812723385818
32.400000000000006	0.07674962239171372
32.5	0.07663211006148103
32.6	0.07651559816808376
32.7	0.07640007534342474
32.8	0.07628552493371467
32.900000000000006	0.07617193567250667
33.	0.07605932289440692
33.1	0.07594764609144196
33.2	0.07583691354906946
33.300000000000004	0.07572711571185123
33.4	0.07561824035197821
33.5	0.07551027326895052
33.6	0.07540322585195003
33.7	0.07529707620434316
33.800000000000004	0.07519182241869035
33.9	0.07508745118104301
34.	0.07498395070876696
34.1	0.07488132283393455
34.2	0.07477955925594933
34.300000000000004	0.07467864917908133
34.4	0.0745785899643261
34.5	0.07447938001688921
34.6	0.07438099007878987
34.7	0.07428343719868902
34.800000000000004	0.07418670564891518
34.9	0.07409078972850718
35.	0.07399567725777959
35.1	0.07390136851775228
35.2	0.07380784792543518
35.300000000000004	0.07371513359547578
35.4	0.07362318719937275
35.5	0.07353202042045145
35.6	0.07344163628581861
35.7	0.07335201540693599
35.800000000000004	0.07326315430488681
35.9	0.07317504567026441
36.	0.07308768697425685
36.1	0.0730010787907649
36.2	0.07291520325712073
36.300000000000004	0.0728300506228594
36.4	0.07274563989175177
36.5	0.0726619459615808
36.6	0.07257897685874438
36.7	0.07249671437643442
36.800000000000004	0.07241516294689064
36.9	0.07233431555575782
37.	0.07225416875861358
37.1	0.07217471495470573
37.2	0.07209594795190961
37.300000000000004	0.07201786987486004
37.4	0.07194046604723849
37.5	0.07186373906908267
37.6	0.07178768526853165
37.7	0.07171231757498757
37.800000000000004	0.0716375923917609
37.9	0.071563524419019
38.	0.07149012396266895
38.1	0.07141737044585414
38.2	0.0713452600966975
38.300000000000004	0.07127381111297794
38.4	0.07120298112967795
38.5	0.07113281014092411
38.6	0.07106325777686788
38.7	0.07099433553193372
38.800000000000004	0.0709260479669973
38.9	0.07085836573878111
39.	0.07079131711978409
39.1	0.07072488188691037
39.2	0.07065906302871097
39.300000000000004	0.07059384629907331
39.400000000000006	0.07052922873783371
39.5	0.07046523230620928
39.6	0.07040182555978985
39.7	0.07033901924892859
39.800000000000004	0.07027680048183109
39.900000000000006	0.07021518301306473
40.	0.07015414397419419
40.1	0.07009370032896445
40.2	0.07003382292807299
40.300000000000004	0.0699745511048239
40.400000000000006	0.06991584711166057
40.5	0.06985771077928334
40.6	0.06980015644173304
40.7	0.06974315970990808
40.800000000000004	0.06968674314964501
40.900000000000006	0.06963087858439986
41.	0.06957559690601776
41.1	0.06952086818231829
41.2	0.06946668320966437
41.300000000000004	0.06941306619903105
41.400000000000006	0.0693600121896502
41.5	0.06930749939097314
41.6	0.06925553773303862
41.7	0.0692041267298635
41.800000000000004	0.06915325657295747
41.900000000000006	0.0691029429102751
42.	0.06905315959853099
42.1	0.06900392964766512
42.2	0.06895522856548165
42.300000000000004	0.06890706977486807
42.400000000000006	0.06885944105175645
42.5	0.06881234848231514
42.6	0.06876578982368833
42.7	0.06871976088579268
42.800000000000004	0.06867426553087448
42.900000000000006	0.06862929076725005
43.	0.06858484331704316
43.1	0.06854091778548592
43.2	0.06849753230015868
43.300000000000004	0.0684546562416199
43.400000000000006	0.06841230958338868
43.5	0.06837047439828862
43.6	0.0683291654433111
43.7	0.06828836789019523
43.800000000000004	0.06824809599406831
43.900000000000006	0.06820833277327107
44.	0.06816908379027378
44.1	0.068130356829775
44.2	0.06809213899953101
44.300000000000004	0.0680544309455588
44.400000000000006	0.0680172372798608
44.5	0.0679805508777566
44.6	0.06794438045916089
44.7	0.06790872125130691
44.800000000000004	0.06787356079207049
44.900000000000006	0.06783891268593537
45.	0.06780478071656675
45.1	0.06777114605085736
45.2	0.06773801755318513
45.300000000000004	0.06770540359515427
45.400000000000006	0.06767328262853722
45.5	0.0676416886623681
45.6	0.0676105892075139
45.7	0.06757998565945772
45.800000000000004	0.06754989401980525
45.900000000000006	0.06752030635396333
46.	0.06749124157139237
46.1	0.06746265975468223
46.2	0.06743458487223593
46.300000000000004	0.06740701754849149
46.400000000000006	0.06737995924278527
46.5	0.06735340923966344
46.6	0.0673273527929196
46.7	0.06730181407187537
46.800000000000004	0.06727677407484058
46.900000000000006	0.0672522381698802
47.	0.067228214447886
47.1	0.06720469409847694
47.2	0.06718169175931292
47.300000000000004	0.06715918511332293
47.400000000000006	0.06713718729836325
47.5	0.06711571556937976
47.6	0.06709474544008412
47.7	0.06707426646764339
47.800000000000004	0.0670543070172485
47.900000000000006	0.06703488235511386
48.	0.06701595416870879
48.1	0.06699754944909539
48.2	0.06697965118416598
48.300000000000004	0.0669622644619692
48.400000000000006	0.0669454138664618
48.5	0.06692907497431173
48.6	0.06691324612901786
48.7	0.06689793937224925
48.800000000000004	0.06688315534181985
48.900000000000006	0.0668689114679828
49.	0.06685517573138093
49.1	0.06684196814549401
49.2	0.06682928743839398
49.300000000000004	0.06681715350700994
49.400000000000006	0.06680553259591392
49.5	0.0667944640491465
49.6	0.06678389998896672
49.7	0.06677389739993188
49.800000000000004	0.06676442870705607
49.900000000000006	0.0667555068095326
50.	0.06674710686054762
50.1	0.06673927327030935
50.2	0.06673198581970988
50.300000000000004	0.06672524652770195
50.400000000000006	0.0667190704293713
50.5	0.06671342665252988
50.6	0.06670836263852759
50.7	0.06670383398891307
50.800000000000004	0.06669988111629535
50.900000000000006	0.06669648584339784
51.	0.06669368120709473
51.1	0.0666914315976786
51.2	0.0666897688383113
51.300000000000004	0.0666886582670013
51.400000000000006	0.06668815870196276
51.5	0.06668820865172133
51.6	0.06668888340108467
51.7	0.06669013851808485
51.800000000000004	0.06669195075461672
51.900000000000006	0.06669440016562554
52.	0.06669745137468934
52.1	0.06670109162457849
52.2	0.06670536214951846
52.300000000000004	0.06671022187859733
52.400000000000006	0.06671572320997937
52.5	0.06672181942932344
52.6	0.06672856049156276
52.7	0.06673593300910184
52.800000000000004	0.06674394589157573
52.900000000000006	0.06675258931603752
53.	0.06676188539951788
53.1	0.06677181971198129
53.2	0.06678241004449083
53.300000000000004	0.06679367400979419
53.400000000000006	0.0668056027025627
53.5	0.06681820244653516
53.6	0.06683147858378512
53.7	0.06684544112990859
53.800000000000004	0.06686008456596447
53.900000000000006	0.06687543751745785
54.	0.06689148573576552
54.1	0.06690824230822462
54.2	0.0669257116366877
54.300000000000004	0.06694389706510878
54.400000000000006	0.0669628231809481
54.5	0.06698248074286586
54.6	0.06700288853409349
54.7	0.06702403945397474
54.800000000000004	0.06704594834669594
54.900000000000006	0.0670686269109602
55.	0.06709208366905797
55.1	0.06711633582471742
55.2	0.06714135607077372
55.300000000000004	0.06716718415380296
55.400000000000006	0.06719381232625508
55.5	0.06722128317353045
55.6	0.06724956046479234
55.7	0.06727870090603774
55.800000000000004	0.06730867368872884
55.900000000000006	0.06733950420092903
56.	0.06737121280286881
56.1	0.06740380348676496
56.2	0.0674372731380212
56.300000000000004	0.06747166138301552
56.400000000000006	0.0675069413531108
56.5	0.06754316731979194
56.6	0.06758034091450806
56.7	0.06761844612746867
56.800000000000004	0.06765752858793082
56.900000000000006	0.06769760694717167
57.	0.06773865003927196
57.1	0.06778071810408084
57.2	0.06782379412096039
57.300000000000004	0.06786790549007299
57.400000000000006	0.0679131013395383
57.5	0.06795935410939705
57.6	0.06800668240076543
57.7	0.0680551233742825
57.800000000000004	0.06810468019522337
57.900000000000006	0.06815538144303558
58.	0.06820722373323852
58.1	0.06826026430760847
58.2	0.06831449153693425
58.300000000000004	0.06836993187322034
58.400000000000006	0.0684266488969432
58.5	0.06848460865444608
58.6	0.06854383803541146
58.7	0.0686043786086405
58.800000000000004	0.06866624644568141
58.900000000000006	0.06872947472975277
59.	0.06879409159139047
59.1	0.06886012907988032
59.2	0.06892756283750348
59.300000000000004	0.06899651998837729
59.400000000000006	0.06906693596843187
59.5	0.06913888551858488
59.6	0.06921238614850496
59.7	0.06928747947527977
59.800000000000004	0.06936420972590253
59.900000000000006	0.06944257466095902
60.	0.06952264521688896
60.1	0.06960445224701318
60.2	0.06968804584459454
60.300000000000004	0.06977344291638146
60.400000000000006	0.06986070591006106
60.5	0.06994985515538964
60.6	0.0700409830064056
60.7	0.07013406200325432
60.800000000000004	0.070229227164478
60.900000000000006	0.07032647654169247
61.	0.07042587356718878
61.1	0.07052749387733782
61.2	0.07063136182031803
61.300000000000004	0.07073757913294625
61.400000000000006	0.07084615263326136
61.5	0.07095723409705439
61.6	0.07107082977662733
61.7	0.07118702854767904
61.800000000000004	0.0713059345428235
61.900000000000006	0.07142757436659983
62.	0.07155206701951722
62.1	0.07167951845328785
62.2	0.07180998998945985
62.300000000000004	0.0719436235656084
62.400000000000006	0.07208048946660697
62.5	0.07222067805381957
62.6	0.07236433150187355
62.7	0.07251159880627864
62.800000000000004	0.07266256728051944
62.900000000000006	0.07281739462965059
63.	0.07297624030885469
63.1	0.07313920333814204
63.2	0.07330652233127985
63.300000000000004	0.073478309577094
63.400000000000006	0.07365479098447267
63.5	0.07383615077331347
63.6	0.07402258841573851
63.7	0.07421439416146147
63.800000000000004	0.07441169569540537
63.900000000000006	0.07461483306223142
64.	0.07482410282283052
64.1	0.07503974530075169
64.2	0.07526215445635327
64.30000000000001	0.07549161072447391
64.4	0.07572856115230238
64.5	0.07597339034538672
64.6	0.07622657963281641
64.7	0.0764886290209008
64.80000000000001	0.07676001535539913
64.9	0.07704145663954913
65.	0.07733350320110796
65.10000000000001	0.0776369519807031
65.2	0.07795263333408034
65.3	0.07828139619667647
65.4	0.07862437876490971
65.5	0.07898262084486371
65.60000000000001	0.07935749918572743
65.7	0.07975049893808271
65.8	0.08016339948015128
65.9	0.08059813437366897
66.	0.0810570807487931
66.10000000000001	0.08154302179631796
66.2	0.08205923613388437
66.3	0.08260973462047914
66.4	0.08319946146163266
66.5	0.08383441113606344
66.60000000000001	0.08452236531679957
66.7	0.08527363310443696
66.8	0.08610182978874348
66.9	0.08702602317367755
67.	0.08807448687563323
67.10000000000001	0.08929166556219867
67.2	0.09075555756428044
67.3	0.09262780417774925
67.4	0.0953855009858248
67.5	0.999999852291008
67.60000000000001	0.9993235146415248
67.7	0.9994181926498847
67.8	0.9995358363539742
67.9	0.9996050743342316
68.	0.9996208783344888
68.10000000000001	0.9996256517462764
68.2	0.9995757926880814
68.3	0.999578699991597
68.4	0.9996253879002858
68.5	0.9996888681171545
68.60000000000001	0.999610344281668
68.7	0.9996846615439079
68.8	0.9996399495192151
68.9	0.9996390682022923
69.	0.9996458685714374
69.10000000000001	0.9997318486207121
69.2	0.9997365134525077
69.3	0.9997416869674886
69.4	0.9997466775757192
69.5	0.9997514998366334
69.60000000000001	0.9997561537233883
69.7	0.9997607100192003
69.8	0.999765062881157
69.9	0.999769283778675
70.	0.9997734401453189
70.10000000000001	0.9997774727208696
70.2	0.9997812415302042
70.3	0.9995733168389894
70.4	0.9995833345991486
70.5	0.9997934903149897
70.60000000000001	0.9997955647566796
70.7	0.9996009068779487
70.8	0.9996096346020528
70.9	0.9996157623163374
71.	0.9996216878475823
71.10000000000001	0.9996275181983889
71.2	0.9992732710770897
71.3	0.9996423799941448
71.4	0.9996438149981492
71.5	0.9993048511498724
71.60000000000001	0.9996575153311932
71.7	0.9996588985444217
71.8	0.9993339281521385
71.9	0.9993493955799773
72.	0.9993580340699529
72.10000000000001	0.9996801625174367
72.2	0.9993693524976957
72.3	0.9993831712562
72.4	0.9993910180842742
72.5	0.9993987981755732
72.60000000000001	0.999406355618354
72.7	0.9994137184879962
72.8	0.9994209263141961
72.9	0.9994279760532729
73.	0.9994348729707604
73.10000000000001	0.9994416356349436
73.2	0.9994481710074372
73.3	0.9994546142266417
73.4	0.9994609369333153
73.5	0.9994670879530918
73.60000000000001	0.9994731022202578
73.7	0.9994790181412072
73.8	0.9994847808807756
73.9	0.9994904434263714
74.	0.9994959824748304
74.10000000000001	0.9995014124984815
74.2	0.9995066835877795
74.3	0.9995119399360638
74.4	0.9995170472540044
74.5	0.9995220511069715
74.60000000000001	0.999526950258583
74.7	0.999531751370708
74.8	0.9995364634883817
74.9	0.9995411198056708
75.	0.999545628127971
75.10000000000001	0.9995501148250246
75.2	0.9995555761922521
75.3	0.9995626230820932
75.4	0.9995694282630646
75.5	0.9995759670019245
75.60000000000001	0.9995823566383641
75.7	0.9995885500683312
75.8	0.9995946084141941
75.9	0.9996004281142374
76.	0.9996061333962015
76.10000000000001	0.9996116309381391
76.2	0.9996169970179174
76.3	0.9996222552095523
76.4	0.9996273599440278
76.5	0.9996322955687053
76.60000000000001	0.999637133721099
76.7	0.9996418130827037
76.8	0.9996463855670935
76.9	0.9996508525329348
77.	0.999655212003101
77.10000000000001	0.9996594520851472
77.2	0.9996636399462097
77.3	0.999667730283943
77.4	0.9996716732052716
77.5	0.9996753303694971
77.60000000000001	0.9996788995266076
77.7	0.9996823709374986
77.80000000000001	0.9996857457081564
77.9	0.9996890782660921
78.	0.9996923254980848
78.10000000000001	0.9996954780384407
78.2	0.999751288400727
78.30000000000001	0.9997523585450793
78.4	0.9997537186410745
78.5	0.999755231921463
78.60000000000001	0.999756833278014
78.7	0.9997584733921273
78.80000000000001	0.999760168183714
78.9	0.9997618461593291
79.	0.9997635115443292
79.10000000000001	0.9997651776730893
79.2	0.999766781912175
79.30000000000001	0.9997781864983865
79.4	0.9997888469967011
79.5	0.9997972427179028
79.60000000000001	0.9998209439853891
79.7	0.9996908457290079
79.80000000000001	0.9997073417954373
79.9	0.9996404151561208
80.	0.9996720747957433
80.10000000000001	0.9997092441002049
80.2	0.9997135540014951
80.30000000000001	0.9997063781437953
80.4	0.9997994952897769
80.5	0.9997869191015253
80.60000000000001	0.9997854975118009
80.7	0.9997871291917122
80.80000000000001	0.9997890890205836
80.9	0.9997909955742434
81.	0.9997116214642937
81.10000000000001	0.9996749463004064
81.2	0.9998361728880795
81.30000000000001	0.9998366617783333
81.4	0.9998348498775824
81.5	0.9997174962998628
81.60000000000001	0.999731734522104
81.7	0.9996968432498139
81.80000000000001	0.999602615338135
81.9	0.9995851385344477
82.	0.9995835014870699
82.10000000000001	0.9995812151123543
82.2	0.9995779237321288
82.30000000000001	0.9995743571859534
82.4	0.9995701860300441
82.5	0.9995655210287633
82.60000000000001	0.9995603302737456
82.7	0.9995544275657898
82.80000000000001	0.9995557416915277
82.9	0.9995586810256158
83.	0.9995615488025463
83.10000000000001	0.9995644043017574
83.2	0.99956723122279
83.30000000000001	0.9995699808688114
83.4	0.9995727465726538
83.5	0.9995754709956688
83.60000000000001	0.9995781795442091
83.7	0.9995808524147912
83.80000000000001	0.9995835066046141
83.9	0.9995860961798032
84.	0.9995886681636555
84.10000000000001	0.9995912329974302
84.2	0.999593706583625
84.30000000000001	0.9995960826591491
84.4	0.9995984527286405
84.5	0.9996008440184965
84.60000000000001	0.9996031547681815
84.7	0.9996054736069577
84.80000000000001	0.999607782442569
84.9	0.9996100418231282
85.	0.9996123045241809
85.10000000000001	0.9996145167756957
85.2	0.9996167329207981
85.30000000000001	0.9996189247291337
85.4	0.9996210851809589
85.5	0.999623231920445
85.60000000000001	0.9996253705855163
85.7	0.9996274804787209
85.80000000000001	0.9996295796128296
85.9	0.9996316470476794
86.	0.9996336836330805
86.10000000000001	0.9996357226489585
86.2	0.9996377442963937
86.30000000000001	0.9996397351278411
86.4	0.9996417214802776
86.5	0.9996436190702057
86.60000000000001	0.9996454805692042
86.7	0.999647335141623
86.80000000000001	0.9996491791236352
86.9	0.9996509928272732
87.	0.9996528081878152
87.10000000000001	0.9996546271988798
87.2	0.9996563816184044
87.30000000000001	0.9996581669914345
87.4	0.9996599381049265
87.5	0.9996616673673551
87.60000000000001	0.9996633921207526
87.7	0.9996651188902138
87.80000000000001	0.9996668266909486
87.9	0.9996685069998205
88.	0.9996702123925745
88.10000000000001	0.9996718829742199
88.2	0.9996735311195363
88.30000000000001	0.9996751744749841
88.4	0.9996768007446439
88.5	0.9996784162162086
88.60000000000001	0.9996800272386792
88.7	0.99968161536384
88.80000000000001	0.9996832159910416
88.9	0.9996847830523388
89.	0.9996863285143309
89.10000000000001	0.9996878828461738
89.2	0.9996894231707844
89.30000000000001	0.999690955655038
89.4	0.9996924463382996
89.5	0.9996939604082302
89.60000000000001	0.999695444440347
89.7	0.9996969290762815
89.80000000000001	0.9996984039698039
89.9	0.9996998440965958
90.	0.9997013036994464
90.10000000000001	0.9997027354943889
90.2	0.9997041591008409
90.30000000000001	0.9997055590610601
90.4	0.9997069835350049
90.5	0.9997083709027488
90.60000000000001	0.999709735598269
90.7	0.9997111354484516
90.80000000000001	0.9997124838024151
90.9	0.9997138254794764
91.	0.9997151837678535
91.10000000000001	0.9997165109426666
91.2	0.9997178300179662
91.30000000000001	0.9997191338533138
91.4	0.9997204527617635
91.5	0.9997217432196227
91.60000000000001	0.9997230266877034
91.7	0.9997243095119234
91.80000000000001	0.9997255484086698
91.9	0.9997268395108665
92.	0.999728071053226
92.10000000000001	0.9997293055005495
92.2	0.9997305412180751
92.30000000000001	0.9997317479223332
92.4	0.9997329564990921
92.5	0.9997341598454841
92.60000000000001	0.9997353532518028
92.7	0.9997365476999169
92.80000000000001	0.9997377172012736
92.9	0.9997388855315653
93.	0.9997400375214683
93.10000000000001	0.9997411902971193
93.2	0.9997423344372195
93.30000000000001	0.9997434627478916
93.4	0.9997445852593991
93.5	0.9997457138189914
93.60000000000001	0.9997468335953033
93.7	0.9997479368427703
93.80000000000001	0.9997490204257257
93.9	0.9997501063978539
94.	0.9997511984752517
94.10000000000001	0.9997522730332078
94.2	0.9997533313751629
94.30000000000001	0.9997543927150613
94.4	0.9997554438052588
94.5	0.9997564856210124
94.60000000000001	0.9997575267995091
94.7	0.9997585460187323
94.80000000000001	0.999759571515911
94.9	0.999760578469082
95.	0.9997615942614634
95.10000000000001	0.9997626093870535
95.2	0.9997635936414639
95.30000000000001	0.9997645861743111
95.4	0.9997655622489315
95.5	0.9997665251333018
95.60000000000001	0.9997674931154291
95.7	0.9997684659370019
95.80000000000001	0.9997694164309588
95.9	0.9997703524510023
96.	0.9997712956167141
96.10000000000001	0.9997722409507223
96.2	0.9997731680086455
96.30000000000001	0.9997740882829994
96.4	0.999775010721308
96.5	0.9997759187043876
96.60000000000001	0.9997768218847154
96.7	0.9997777240958615
96.80000000000001	0.9997786117321289
96.9	0.9997795136247055
97.	0.9997803895632252
97.10000000000001	0.9997812564880545
97.2	0.9997821290236292
97.30000000000001	0.9997829951687471
97.4	0.9997838431082479
97.5	0.9997847127801988
97.60000000000001	0.9997855498740675
97.7	0.9997863961032388
97.80000000000001	0.9997872263185927
97.9	0.9997880654549448
98.	0.9997888809124662
98.10000000000001	0.9997897100449888
98.2	0.9997905275279364
98.30000000000001	0.999791342832771
98.4	0.9997921329165903
98.5	0.9997929332040657
98.60000000000001	0.9997937442619823
98.7	0.9997945322343117
98.80000000000001	0.9997953040498259
98.9	0.9997960899825349
99.	0.999796878860181
99.10000000000001	0.9997976357484404
99.2	0.9997984102075638
99.30000000000001	0.9997991618747659
99.4	0.9997999305592878
99.5	0.9998006770571566
99.60000000000001	0.9998014213703191
99.7	0.9998021713845002
99.80000000000001	0.9998028965107945
99.9	0.9998036381098109
100.	0.9998043683798438
100.10000000000001	0.9998050825143115
100.2	0.9998058083623897
100.30000000000001	0.9998065257911719
100.4	0.9998072493057186
100.5	0.9998079482611036
100.60000000000001	0.999808648841826
100.7	0.999809352236619
100.80000000000001	0.9998100351135636
100.9	0.9998107372365527
101.	0.9998114212270461
101.10000000000001	0.999812095303126
101.2	0.9998127769425138
101.30000000000001	0.9998134539678528
101.4	0.9998141253656003
101.5	0.999814791531097
101.60000000000001	0.9998154584139671
101.7	0.9998161019502432
101.80000000000001	0.9998167766662337
101.9	0.9998174128760228
102.	0.9998180691138895
102.10000000000001	0.9998187022550792
102.2	0.9998193505227074
102.30000000000001	0.9998199842226769
102.4	0.9998206064521152
102.5	0.9998212458576974
102.60000000000001	0.9998218596086612
102.7	0.9998224859240982
102.80000000000001	0.999823107435579
102.9	0.9998237080425811
103.	0.9998243280788295
103.10000000000001	0.9998249431821093
103.2	0.9998255376575
103.30000000000001	0.9998261401595154
103.4	0.9998267412395343
103.5	0.9998273378688425
103.60000000000001	0.9998279171754848
103.7	0.9998285127482318
103.80000000000001	0.9998291038945842
103.9	0.9998296711088733
104.	0.9998302509559134
104.10000000000001	0.9998308264974916
104.2	0.9998313983669594
104.30000000000001	0.9998319664346055
104.4	0.9998325346594585
104.5	0.9998330973959987
104.60000000000001	0.999833640729505
104.7	0.9998342054002616
104.80000000000001	0.9998347603642783
104.9	0.9998353029510147
105.	0.9998358480277492
105.10000000000001	0.9998364005465612
105.2	0.9998369401559702
105.30000000000001	0.9998374687208211
105.4	0.9998380966028036
105.5	0.9998390476547655
105.60000000000001	0.999839991175796
105.7	0.9998409046847535
105.80000000000001	0.9998418389744859
105.9	0.9998427414667259
106.	0.9998436411595891
106.10000000000001	0.999844531552353
106.2	0.9998453970061264
106.30000000000001	0.9998462738120321
106.4	0.9998471300465714
106.5	0.9998479890180401
106.60000000000001	0.999848820260404
106.7	0.999849650694175
106.80000000000001	0.9998504758449722
106.9	0.9998512897947363
107.	0.999852097776917
107.10000000000001	0.999852894660655
107.2	0.9998536829233874
107.30000000000001	0.9998544636226998
107.4	0.9998552475493405
107.5	0.9998560118573673
107.60000000000001	0.9998567732313748
107.7	0.9998575274473501
107.80000000000001	0.9998582655063526
107.9	0.9998590133173917
108.	0.9998597254248546
108.10000000000001	0.99986046200986
108.2	0.9998611714255613
108.30000000000001	0.9998618896156628
108.4	0.999862586199008
108.5	0.9998632823702117
108.60000000000001	0.999863965395801
108.7	0.9998646427339678
108.80000000000001	0.9998653266077557
108.9	0.9998659941015495
109.	0.999866666049522
109.10000000000001	0.9998673183974346
109.2	0.9998679713859355
109.30000000000001	0.9998686263506749
109.4	0.9998692639072381
109.5	0.9998699048436451
109.60000000000001	0.9998705420294877
109.7	0.9998711617651752
109.80000000000001	0.9998717926627255
109.9	0.9998724067995264
110.	0.9998730203961028
110.10000000000001	0.999873634273651
110.2	0.9998742393390443
110.30000000000001	0.9998748005664592
110.4	0.9998753431578817
110.5	0.9998758908129709
110.60000000000001	0.9998764335559923
110.7	0.9998769682242179
110.80000000000001	0.9998774999267817
110.9	0.9998780268072804
111.	0.9998785526381688
111.10000000000001	0.9998790695692635
111.2	0.999879588043892
111.30000000000001	0.9998800831227824
111.4	0.9998805889338886
111.5	0.9998810878264849
111.60000000000001	0.9998815797990944
111.7	0.9998820715361617
111.80000000000001	0.9998825589864843
111.9	0.9998830464473589
112.	0.9998835154838022
112.10000000000001	0.9998839937411379
112.2	0.999884455468322
112.30000000000001	0.9998849212576487
112.4	0.9998853893920515
112.5	0.9998858410363161
112.60000000000001	0.9998862943124882
112.7	0.9998867465267505
112.80000000000001	0.9998871866075262
112.9	0.9998876219185463
113.	0.9998880670698147
113.10000000000001	0.9998884977447167
113.2	0.9998895940963809
113.30000000000001	0.9998917927288724
113.4	0.9998938662512251
113.5	0.9998958317665616
113.60000000000001	0.9998976851430512
113.7	0.9998994636656371
113.80000000000001	0.9999011625865484
113.9	0.9999026147293055
114.	0.9999039359800006
114.10000000000001	0.9999051584900913
114.2	0.9999063059756494
114.30000000000001	0.9998539174408639
114.4	0.999854785966856
114.5	0.999856337217652
114.60000000000001	0.9998578104951868
114.7	0.9998591815920418
114.80000000000001	0.9998604856534582
114.9	0.9998617042728374
115.	0.9998628529317676
115.10000000000001	0.9999317912342088
115.2	0.9998655259324092
115.30000000000001	0.9998658919436784
115.4	0.9998667602126642
115.5	0.9999337699420927
115.60000000000001	0.9998687343124142
115.7	0.9998690003435177
115.80000000000001	0.9998695953642659
115.9	0.9999344159136482
116.	0.9998706962876439
116.10000000000001	0.9998708442568713
116.2	0.9998710217947587
116.30000000000001	0.9998710630997338
116.4	0.9998709196403823
116.5	0.9998705765349155
116.60000000000001	0.9998699740671457
116.7	0.9998690676141101
116.80000000000001	0.9998677740808372
116.9	0.9998660195588436
117.	0.9998637228106872
117.10000000000001	0.9998607430534887
117.2	0.9998569740699365
117.30000000000001	0.9998522310137287
117.4	0.9998483888116836
117.5	0.9998489896941952
117.60000000000001	0.9998496278623041
117.7	0.9998502597686053
117.80000000000001	0.9998508910488232
117.9	0.9998515257470717
118.	0.9998521764353582
118.10000000000001	0.9998528477296911
118.2	0.9998535552634268
118.30000000000001	0.999854316829993
118.4	0.9998551493741393
118.5	0.9998559105995689
118.60000000000001	0.99985639930387
118.7	0.9998568672775155
118.80000000000001	0.9998573242041595
118.9	0.999871285059303
119.	0.9998809468526724
119.10000000000001	0.9998852814430931
119.2	0.99988736445257
119.30000000000001	0.9998885151215584
119.4	0.9998892306780516
119.5	0.9998897255356349
119.60000000000001	0.9999436034387637
119.7	0.9998905920173632
119.80000000000001	0.9998907045024504
119.9	0.9998904101155728
120.	0.9998902599052344
120.10000000000001	0.99989026690712
120.2	0.9998903028693715
120.30000000000001	0.9998903103740232
120.4	0.9998902486134528
120.5	0.9998901016486306
120.60000000000001	0.9998898267501006
120.7	0.9998894195834108
120.80000000000001	0.9998888124450471
120.9	0.9998879936815658
121.	0.9998868951800578
121.10000000000001	0.99988544593956
121.2	0.9998835733043385
121.30000000000001	0.9999405652347404
121.4	0.9999368480402983
121.5	0.9999343500523495
121.60000000000001	0.999933564119174
121.7	0.9998685005704924
121.80000000000001	0.999933786707765
121.9	0.9998692498319653
122.	0.9998692996331925
122.10000000000001	0.9999343480490764
122.2	0.9999346807065274
122.30000000000001	0.999870707008248
122.4	0.9998707516417454
122.5	0.9999350698976325
122.60000000000001	0.9998717499038685
122.7	0.9999354239058041
122.80000000000001	0.9998722032020512
122.9	0.9999356474128699
123.	0.9999358626757494
123.10000000000001	0.9999359946519112
123.2	0.9998732085396678
123.30000000000001	0.9999361541095938
123.4	0.9999363908836646
123.5	0.9999365275440668
123.60000000000001	0.9998742952633276
123.7	0.9999366927132813
123.80000000000001	0.9999369560949084
123.9	0.9998751472054096
124.	0.9998751750266895
124.10000000000001	0.9998754639215054
124.2	0.9998757506003306
124.30000000000001	0.9999375489479244
124.4	0.9998765724666839
124.5	0.9999378426383458
124.60000000000001	0.9999381097327156
124.7	0.9999382502340244
124.80000000000001	0.9999383930353019
124.9	0.9999385409608296
125.	0.9998782817690209
125.10000000000001	0.9998783173910175
125.2	0.9998785918226641
125.30000000000001	0.9998788734533521
125.4	0.9999391212681109
125.5	0.9998796898228223
125.60000000000001	0.9998889742343829
125.7	0.999889232122873
125.80000000000001	0.9998894365037726
125.9	0.9998896326913516
126.	0.9998898287704954
126.10000000000001	0.9998900176997119
126.2	0.9998902124926873
126.30000000000001	0.9998903997920501
126.4	0.9998906057730874
126.5	0.9998907919038047
126.60000000000001	0.9998909827928572
126.7	0.999891172236275
126.80000000000001	0.999891363556435
126.9	0.9998915522652906
127.	0.9998917401148975
127.10000000000001	0.9998919270523132
127.2	0.9998921213269939
127.30000000000001	0.9998923031271502
127.4	0.9998924917816052
127.5	0.9998926782004828
127.60000000000001	0.9998928606285495
127.7	0.9998930491879109
127.80000000000001	0.9998932333066681
127.9	0.9998934121922177
128.	0.999893599779815
128.10000000000002	0.9998937822832111
128.2	0.9998939606437678
128.3	0.9998941442967093
128.4	0.9998943254002215
128.5	0.999894507238171
128.60000000000002	0.9998946877008936
128.7	0.9998948620348023
128.8	0.9998950393740785
128.9	0.9998952206548813
129.	0.9998954040548077
129.1	0.9998955729329869
129.20000000000002	0.9998957500056103
129.3	0.9998959292113713
129.4	0.9998961044652679
129.5	0.999896282596365
129.6	0.9998964510174014
129.70000000000002	0.9998966276641092
129.8	0.9998967976116101
129.9	0.9998969741521794
130.	0.9998971439119483
130.1	0.9998973120358949
130.20000000000002	0.9998974927335018
130.3	0.9998976458764751
130.4	0.9998978273786111
130.5	0.9998979960303636
130.6	0.9998981659719176
130.70000000000002	0.99989834150501
130.8	0.99989850188078
130.9	0.9998986696619171
131.	0.9998988362486905
131.1	0.9998990000611915
131.20000000000002	0.9998991656386566
131.3	0.9999000895120014
131.4	0.9999010760874698
131.5	0.9999020313778046
131.6	0.9999029502693779
131.70000000000002	0.999903847271404
131.8	0.9999047154333914
131.9	0.999905556986328
132.	0.9999063743304331
132.1	0.9999071790699317
132.20000000000002	0.999907954829007
132.3	0.9999087221886772
132.4	0.9999094671758345
132.5	0.9999101992015998
132.6	0.9999108633656854
132.70000000000002	0.9999114605597128
132.8	0.9999120327061907
132.9	0.9999125861010887
133.	0.9999131194263852
133.1	0.9999136362441489
133.20000000000002	0.9999141352398452
133.3	0.9999146206251697
133.4	0.999915099797303
133.5	0.9999176654868382
133.6	0.9999225267209251
133.70000000000002	0.9999266559362878
133.8	0.9999294860237105
133.9	0.9999313828562864
134.	0.999932736711302
134.1	0.9999337635908262
134.20000000000002	0.9999345777134622
134.3	0.9999352325230951
134.4	0.9999357648824063
134.5	0.99993622533782
134.6	0.9999366254647508
134.70000000000002	0.999936979128582
134.8	0.9999372915904549
134.9	0.9999375738579958
135.	0.9999378439961881
135.1	0.9999380909375366
135.20000000000002	0.9999383171264563
135.3	0.9999385327093763
135.4	0.999938729076944
135.5	0.9999389278672306
135.6	0.9999391164957321
135.70000000000002	0.9999392869085327
135.8	0.9999394452441993
135.9	0.9999394073205667
136.	0.9999394314303564
136.1	0.9999394900418032
136.20000000000002	0.9999395727860468
136.3	0.9999396544265793
136.4	0.9999397593681053
136.5	0.9999398464707386
136.6	0.9999399281257214
136.70000000000002	0.9999400246359038
136.8	0.9999401054539059
136.9	0.999940173689122
137.	0.9999402305503675
137.1	0.9999402724239866
137.20000000000002	0.9999403096044246
137.3	0.9999403296791812
137.4	0.9999403350273943
137.5	0.9999403208902538
137.6	0.9999402938037385
137.70000000000002	0.9999402409503926
137.8	0.9999401697911355
137.9	0.9998813241907499
138.	0.9999304147304975
138.1	0.9999399977203361
138.20000000000002	0.9999396048308477
138.3	0.9999394050165566
138.4	0.9999391541012279
138.5	0.9999388601935079
138.6	0.9998782732685062
138.70000000000002	0.9999087733208956
138.8	0.9999391120132128
138.9	0.9999371473465352
139.	0.9999366957043254
139.1	0.9998734223864794
139.20000000000002	0.9999245724412823
139.3	0.9998726345689075
139.4	0.9999272915628297
139.5	0.9998687132815951
139.6	0.9999346058169606
139.70000000000002	0.99986217059115
139.8	0.9999428998876339
139.9	0.9998612968555645
140.	0.99994422410594
140.1	0.999861854195796
140.20000000000002	0.999944353746024
140.3	0.9999305172291483
140.4	0.9999305140520045
140.5	0.9998626325476996
140.6	0.9999448481214075
140.70000000000002	0.9998634673946089
140.8	0.9999447743351695
140.9	0.9998640015987935
141.	0.9999345234119401
141.1	0.9999314982089678
141.20000000000002	0.9998645345430923
141.3	0.9999348337935864
141.4	0.9998652017524313
141.5	0.9999349149564489
141.6	0.999932248872894
141.70000000000002	0.9998660593442267
141.8	0.9999350838475375
141.9	0.9998668400422719
142.	0.9999351110127743
142.1	0.9998675599751391
142.20000000000002	0.9999351491301037
142.3	0.9998679671624393
142.4	0.9999353238206319
142.5	0.9998683672092695
142.6	0.9999354991705688
142.70000000000002	0.9998687634035255
142.8	0.9999356714983958
142.9	0.9998763274812028
143.	0.9999391989924841
143.1	0.9999433773594003
143.20000000000002	0.9999453148898131
143.3	0.9999463476960332
143.4	0.9999470051168616
143.5	0.9999474722211741
143.6	0.9999478190238572
143.70000000000002	0.9999481142824853
143.8	0.9999484165935376
143.9	0.9999489447134036
144.	0.9999490622412078
144.1	0.9999491327891475
144.20000000000002	0.9999490996015182
144.3	0.999948851797052
144.4	0.9999480989912868
144.5	0.9999462957828951
144.6	0.9999427699879905
144.70000000000002	0.9999382401749535
144.8	0.9999361968382742
144.9	0.9999362650325507
145.	0.9999363472328425
145.1	0.999936294531499
145.20000000000002	0.9999361674787606
145.3	0.9999361073994771
145.4	0.9999360717486965
145.5	0.9999360625354397
145.6	0.9999360612051327
145.70000000000002	0.9999360675717843
145.8	0.9999360731278573
145.9	0.9998991713750345
146.	0.9999396488436408
146.1	0.9999445409787008
146.20000000000002	0.9999465363096093
146.3	0.9999474537896362
146.4	0.9999479880103361
146.5	0.999948315536678
146.6	0.9999485071493878
146.70000000000002	0.9999486046852057
146.8	0.9999486284456389
146.9	0.9999485986460864
147.	0.9999485148168331
147.1	0.9999483868344331
147.20000000000002	0.9999482177179595
147.3	0.9999480088967918
147.4	0.9999477604094754
147.5	0.9999474842537074
147.6	0.9999471461153364
147.70000000000002	0.9999467749759786
147.8	0.9999463521054662
147.9	0.9999458857388136
148.	0.9999453626939246
148.1	0.9999447785929376
148.20000000000002	0.9999441352169418
148.3	0.9999433019606307
148.4	0.9999424430442599
148.5	0.9999415338857945
148.6	0.9999405472917858
148.70000000000002	0.9999395067334016
148.8	0.9999388424853242
148.9	0.9999389197678684
149.	0.9999390105775242
149.1	0.9999390895939505
149.20000000000002	0.999939172718948
149.3	0.9999100101613277
149.4	0.9999315048940021
149.5	0.9999100948236304
149.6	0.9999321134941419
149.70000000000002	0.9999103543469545
149.8	0.9999323993352086
149.9	0.9999106136312087
150.	0.9999326512762859
150.1	0.9999108703298131
150.20000000000002	0.9999329361686106
150.3	0.9999111208827529
150.4	0.9999332257165439
150.5	0.9999113776961874
150.6	0.999933493146877
150.70000000000002	0.9999116241701604
150.8	0.9999337927738102
150.9	0.9999555020687254
151.	0.9999124793519896
151.1	0.9999333148498537
151.20000000000002	0.999912225292568
151.3	0.999934553572636
151.4	0.9999124955020452
151.5	0.9999349171184811
151.6	0.9999127434416624
151.70000000000002	0.999935367192371
151.8	0.9999129887829264
151.9	0.9999358513073464
152.	0.9999132340706065
152.1	0.9999363140275813
152.20000000000002	0.9999134839348734
152.3	0.999936686137564
152.4	0.9999137286326345
152.5	0.999937168603422
152.6	0.999913974618296
152.70000000000002	0.999937582602358
152.8	0.9999142160307193
152.9	0.9999380271439079
153.	0.9999144539438944
153.1	0.9999384259478236
153.20000000000002	0.9999147020456687
153.3	0.9999388039950077
153.4	0.9999149347259827
153.5	0.9999392674969173
153.6	0.9999151747174454
153.70000000000002	0.9999396626607503
153.8	0.999915409301836
153.9	0.9999400913830638
154.	0.9999156457776357
154.1	0.9999404456414824
154.20000000000002	0.9999158796877189
154.3	0.9999408519907378
154.4	0.9999161139237693
154.5	0.9999412307181349
154.60000000000002	0.9999163463345438
154.70000000000002	0.9999416200190888
154.8	0.9999165771555012
154.9	0.9999419720541219
155.	0.9999168052762779
155.10000000000002	0.9999423741824989
155.20000000000002	0.9999170329074517
155.3	0.9999427621469908
155.4	0.9999172672239185
155.5	0.9999430723562958
155.60000000000002	0.9999174904957663
155.70000000000002	0.9999435095012401
155.8	0.9999177148466601
155.9	0.9999438536340689
156.	0.9999179392339569
156.10000000000002	0.9999442023716714
156.20000000000002	0.9999181619559975
156.3	0.9999445528368854
156.4	0.9999183836990084
156.5	0.9999448914350766
156.60000000000002	0.9999186028734507
156.70000000000002	0.9999452489422631
156.8	0.9999188219747631
156.9	0.9999456036483587
157.	0.9999190484062227
157.10000000000002	0.9999459181513295
157.20000000000002	0.9999192649386972
157.3	0.9999462660395241
157.4	0.9999194749312712
157.5	0.9999466025637711
157.60000000000002	0.9999196939897532
157.70000000000002	0.9999469286555478
157.8	0.9999199098933311
157.9	0.9999472748606586
158.	0.9999201276074993
158.10000000000002	0.9999475791989945
158.20000000000002	0.9999203354372856
158.3	0.999947909822721
158.4	0.9999205524852453
158.5	0.9999482372596398
158.60000000000002	0.999920761478131
158.70000000000002	0.9999485123520249
158.8	0.9999209660956502
158.9	0.9999488123933659
159.	0.9999211738090289
159.10000000000002	0.9999491131637465
159.20000000000002	0.9999213898589817
159.3	0.9999493607970869
159.4	0.9999215908009168
159.5	0.9999496715702061
159.60000000000002	0.9999217962293242
159.70000000000002	0.9999499288613358
159.8	0.9999220026529961
159.9	0.9999502298860701
160.	0.999922208071732
160.10000000000002	0.9999504849752686
160.20000000000002	0.999922412932122
160.3	0.9999507508988286
160.4	0.9999226101087917
160.5	0.9999510011776386
160.60000000000002	0.9999228148730025
160.70000000000002	0.9999513092858383
160.8	0.9999230150368872
160.9	0.9999515243600484
161.	0.9999232091565605
161.10000000000002	0.9999517991441897
161.20000000000002	0.9999234072118861
161.3	0.999952041100702
161.4	0.9999236071972292
161.5	0.9999522991695596
161.60000000000002	0.9999238061516061
161.70000000000002	0.999952544204668
161.8	0.9999239979883162
161.9	0.9999527939271297
162.	0.999924194687078
162.10000000000002	0.9999530499802598
162.20000000000002	0.9999243878991609
162.3	0.9999532794482102
162.4	0.9999245742036796
162.5	0.9999535203980663
162.60000000000002	0.9999247715757549
162.70000000000002	0.9999537473188678
162.8	0.9999249580789602
162.9	0.9999540202882908
163.	0.9999251531000114
163.10000000000002	0.9999542280220968
163.20000000000002	0.9999253431367484
163.3	0.9999544437049839
163.4	0.9999255265513465
163.5	0.9999552765664611
163.60000000000002	0.9999257362587505
163.70000000000002	0.9999287818474725
163.8	0.9999476010776022
163.9	0.9999258247655586
164.	0.9999535941081049
164.10000000000002	0.9999261438896876
164.20000000000002	0.9999535645619364
164.3	0.9999263224249197
164.4	0.9999270177220572
164.5	0.9999546110410186
164.60000000000002	0.9999266110157241
164.70000000000002	0.999953930518306
164.8	0.9999267705823999
164.9	0.9999541257289747
165.	0.999926956004823
165.10000000000002	0.9999542720814244
165.20000000000002	0.9999271363579695
165.3	0.9999544325853256
165.4	0.9999273139283191
165.5	0.9999545852441224
165.60000000000002	0.9999274962607618
165.70000000000002	0.9999547214682902
165.8	0.9999276724955801
165.9	0.9999548703997457
166.	0.9999278477282967
166.10000000000002	0.9999550224270033
166.20000000000002	0.9999280262759224
166.3	0.9999553387555898
166.4	0.9999282039478145
166.5	0.9999564506677113
166.60000000000002	0.9999283990833431
166.70000000000002	0.9999575002761284
166.8	0.9999285966018052
166.9	0.999958200751702
167.	0.9999287817020024
167.10000000000002	0.9999588955721298
167.20000000000002	0.9999289651399416
167.3	0.9999597348164607
167.4	0.9999291480408007
167.5	0.9999603982408993
167.60000000000002	0.999929341287695
167.70000000000002	0.9999609412017489
167.8	0.9999295172495631
167.9	0.999961522619146
168.	0.9999296985083563
168.10000000000002	0.9999620617280118
168.20000000000002	0.9999298782328125
168.3	0.9999625602370619
168.4	0.9999300506240623
168.5	0.9999629751208052
168.60000000000002	0.9999302230144415
168.70000000000002	0.9999634438006496
168.8	0.9999303958432777
168.9	0.9999637402640685
169.	0.99993056405403
169.10000000000002	0.9999640920659828
169.20000000000002	0.9999307354725541
169.3	0.9999644586636761
169.4	0.9999309046812551
169.5	0.999964758170139
169.60000000000002	0.9999310728147883
169.70000000000002	0.9999650342893233
169.8	0.99993124007607
169.9	0.9999652993265824
170.	0.9999314061593739
170.10000000000002	0.9999655036462859
170.20000000000002	0.9999315712512648
170.3	0.9999657322421424
170.4	0.9999317332593135
170.5	0.9999659504440832
170.60000000000002	0.999931895880813
170.70000000000002	0.9999661373960991
170.8	0.9999320557308445
170.9	0.9999339575489564
171.	0.99995571234141
171.10000000000002	0.9999320405922482
171.20000000000002	0.9999670206432411
171.3	0.9999324668431441
171.4	0.9999667476774344
171.5	0.9999326115175186
171.60000000000002	0.9999346909737737
171.70000000000002	0.9999559078261226
171.8	0.9999325834848183
171.9	0.9999675124046541
172.	0.9999330166394701
172.10000000000002	0.9999672600099625
172.20000000000002	0.9999331585362536
172.3	0.9999674036016069
172.4	0.9999333144130912
172.5	0.9999675356586977
172.60000000000002	0.9999334658691371
172.70000000000002	0.9999676639477598
172.8	0.9999336239804424
172.9	0.9999677823983708
173.	0.9999337739624837
173.10000000000002	0.9999679013255959
173.20000000000002	0.999933922736136
173.3	0.9999363393983492
173.4	0.9999594158534629
173.5	0.9999339423100636
173.60000000000002	0.9999684321088643
173.70000000000002	0.9999343080890549
173.8	0.9999682837347519
173.9	0.9999344513689378
174.	0.9999684067967003
174.10000000000002	0.9999345988972416
174.20000000000002	0.9999685160353249
174.3	0.9999347515307417
174.4	0.9999686099303244
174.5	0.9999348968823799
174.60000000000002	0.9999687166872576
174.70000000000002	0.9999350404765969
174.8	0.9999688111147279
174.9	0.999935184216955
175.	0.9999689119544762
175.10000000000002	0.9999353358851497
175.20000000000002	0.9999690064693457
175.3	0.9999354786898185
175.4	0.9999691125399004
175.5	0.9999356222049233
175.60000000000002	0.9999692069369618
175.70000000000002	0.9999357647670024
175.8	0.9999386527139856
175.9	0.9999628816434297
176.	0.9999358283359516
176.10000000000002	0.9999695773468605
176.20000000000002	0.999936128661354
176.3	0.9999695292560459
176.4	0.9999362678287558
176.5	0.9999696175671298
176.60000000000002	0.9999364085117769
176.70000000000002	0.9999697026458566
176.8	0.999936544173391
176.9	0.9999697974727345
177.	0.9999366915475751
177.10000000000002	0.9999698735200703
177.20000000000002	0.9999368300888936
177.3	0.9999699648252708
177.4	0.9999369665094484
177.5	0.9999700572329565
177.60000000000002	0.9999371042794932
177.70000000000002	0.9999403095186091
177.8	0.9999647245942967
177.9	0.9999371774549637
178.	0.9999408035367798
178.10000000000002	0.9999635797659846
178.20000000000002	0.9999373505265247
178.3	0.9999411133303461
178.4	0.9999634488585095
178.5	0.999937551635332
178.60000000000002	0.9999706165434623
178.70000000000002	0.9999378570923556
178.8	0.9999706041470896
178.9	0.9999379908400039
179.	0.9999706421346783
179.10000000000002	0.9999381229053078
179.20000000000002	0.9999706882055416
179.3	0.9999382591750213
179.4	0.999970736368979
179.5	0.9999383892314927
179.60000000000002	0.9999707902841706
179.70000000000002	0.9999385198055757
179.8	0.999970850960861
179.9	0.9999386530173017
180.	0.9999709085961388
180.10000000000002	0.9999387835820397
180.20000000000002	0.9999709704432208
180.3	0.9999389181778716
180.4	0.9999424700813244
180.5	0.9999666824789425
180.60000000000002	0.9999390031873142
180.70000000000002	0.9999712097756981
180.8	0.9999392454600133
180.9	0.9999711937754321
181.	0.9999393666703089
181.10000000000002	0.9999712665632362
181.20000000000002	0.9999394932579484
181.3	0.999971334416128
181.4	0.9999396259138492
181.5	0.9999713994765483
181.60000000000002	0.9999397559667899
181.70000000000002	0.9999714721471008
181.8	0.9999398799314836
181.9	0.9999715440458947
182.	0.9999400063276949
182.10000000000002	0.9999716152347744
182.20000000000002	0.999940156017268
182.3	0.9999716642441611
182.4	0.9999403744279807
182.5	0.9999716515068106
182.60000000000002	0.9999405835367414
182.70000000000002	0.9999716542207986
182.8	0.9999407952559504
182.9	0.9999716475870293
183.	0.9999410037708473
183.10000000000002	0.9999716526857624
183.20000000000002	0.9999412115705367
183.3	0.9999716500634024
183.4	0.9999414140752023
183.5	0.9999716534869926
183.60000000000002	0.9999416221062294
183.70000000000002	0.99997165766263
183.8	0.9999418218245616
183.9	0.9999716516679763
184.	0.9999420278237852
184.10000000000002	0.9999716495677291
184.20000000000002	0.9999422246241604
184.3	0.9999716503780703
184.4	0.9999424277752943
184.5	0.9999716587385634
184.60000000000002	0.999942618781557
184.70000000000002	0.9999716641418254
184.8	0.9999428229062262
184.9	0.99997166097259
185.	0.999947786704948
185.10000000000002	0.9999573951896464
185.20000000000002	0.999942497668836
185.3	0.9999450346807979
185.4	0.9999701453698248
185.5	0.999947975895259
185.60000000000002	0.9999589738248286
185.70000000000002	0.9999475724950305
185.8	0.9999650714515744
185.9	0.9999479523956082
186.	0.9999634252464861
186.10000000000002	0.9999479790350735
186.20000000000002	0.9999645264350076
186.3	0.9999481301928925
186.4	0.999964599435067
186.5	0.9999482319794263
186.60000000000002	0.9999650719543125
186.70000000000002	0.9999483562907067
186.8	0.999965348931495
186.9	0.999948470536911
187.	0.9999655560071313
187.10000000000002	0.9999485784709562
187.20000000000002	0.9999658731197869
187.3	0.999948692973902
187.4	0.9999661183971382
187.5	0.9999488030798042
187.60000000000002	0.9999663848044636
187.70000000000002	0.9999489157847934
187.8	0.9999665732171757
187.9	0.9999490192649367
188.	0.999966815555719
188.10000000000002	0.9999491273409464
188.20000000000002	0.999967019901432
188.3	0.9999492352304721
188.4	0.9999672302171644
188.5	0.9999493427250498
188.60000000000002	0.999967391526111
188.70000000000002	0.9999494422512931
188.8	0.9999676176236781
188.9	0.999949549393775
189.	0.9999677686808963
189.10000000000002	0.9999496533010419
189.20000000000002	0.9999679292065505
189.3	0.9999497603441038
189.4	0.9999680648633809
189.5	0.9999498565628252
189.60000000000002	0.9999682391446986
189.70000000000002	0.999949961052668
189.8	0.9999683341149957
189.9	0.9999500555860694
190.	0.9999684689227698
190.10000000000002	0.9999501552412895
190.20000000000002	0.9999686022836861
190.3	0.9999502603840844
190.4	0.9999687483312487
190.5	0.9999503634475457
190.60000000000002	0.999968847968441
190.70000000000002	0.9999504588205576
190.8	0.9999689705493404
190.9	0.9999505580028303
191.	0.9999690809436242
191.10000000000002	0.9999506526816202
191.20000000000002	0.9999692034911394
191.3	0.9999507534975982
191.4	0.9999692956239238
191.5	0.9999508476327439
191.60000000000002	0.9999694080240247
191.70000000000002	0.9999509462037431
191.8	0.9999694983658224
191.9	0.9999510381755788
192.	0.9999696062555183
192.10000000000002	0.9999511356848845
192.20000000000002	0.9999696983387055
192.3	0.9999512326567169
192.4	0.9999697945165021
192.5	0.9999513265988333
192.60000000000002	0.9999698827096674
192.70000000000002	0.9999514216488303
192.8	0.9999699738964241
192.9	0.9999515128067176
193.	0.9999700636724935
193.10000000000002	0.9999516064144132
193.20000000000002	0.9999850599701681
193.3	0.9999523899818376
193.4	0.9999690535269359
193.5	0.9999517425073606
193.60000000000002	0.9999703979880155
193.70000000000002	0.9999518906859959
193.8	0.9999704003546515
193.9	0.9999519769798759
194.	0.9999704819135007
194.10000000000002	0.9999520682087452
194.20000000000002	0.9999705629715759
194.3	0.9999521627649453
194.4	0.9999706429959558
194.5	0.9999522535133426
194.60000000000002	0.9999707176362178
194.70000000000002	0.9999523402652458
194.8	0.9999708171132903
194.9	0.999952436188127
195.	0.9999708843563047
195.10000000000002	0.9999525278092637
195.20000000000002	0.9999709493378879
195.3	0.9999526170545248
195.4	0.9999710284369469
195.5	0.9999527055945354
195.60000000000002	0.9999711068131696
195.70000000000002	0.9999527940056234
195.8	0.9999711829753422
195.9	0.9999528827112897
196.	0.9999712554598189
196.10000000000002	0.999952973561692
196.20000000000002	0.9999713249390412
196.3	0.9999530603229864
196.4	0.9999714028553393
196.5	0.9999531535800625
196.60000000000002	0.9999714682985394
196.70000000000002	0.9999532366292313
196.8	0.9999715399461582
196.9	0.9999533210185795
197.	0.9999716164378059
197.10000000000002	0.9999534141213466
197.20000000000002	0.9999716845219386
197.3	0.9999535014758907
197.4	0.9999717611095459
197.5	0.9999535862374849
197.60000000000002	0.9999718249153863
197.70000000000002	0.9999536745683159
197.8	0.9999719031109757
197.9	0.9999537614748198
198.	0.9999719615488409
198.10000000000002	0.9999538425139013
198.20000000000002	0.9999720320399329
198.3	0.9999539324756813
198.4	0.9999720911899983
198.5	0.9999540191323883
198.60000000000002	0.999972144490677
198.70000000000002	0.9999541022472969
198.8	0.9999721838516527
198.9	0.9999541891989565
199.	0.9999722155540719
199.10000000000002	0.9999542709479213
199.20000000000002	0.9999722581651448
199.3	0.9999543548007828
199.4	0.9999722944783055
199.5	0.9999544371488804
199.60000000000002	0.9999723554267849
199.70000000000002	0.9999545230274062
199.8	0.9999723928561072
199.9	0.9999546077284337
200.	0.9999724501146454