200.	0.9999164093324914
199.9	0.9999678708885693
199.8	0.9999678639617355
199.7	0.9999678529668069
199.6	0.9999678486827861
199.5	0.9999678410430741
199.4	0.9999678412080293
199.3	0.9999678315105357
199.2	0.999967829240827
199.1	0.9999678284966564
199.	0.9999678250986025
198.9	0.9999678266048024
198.8	0.9999678209175124
198.7	0.9999677945676126
198.6	0.9999677745579371
198.5	0.9999677476641275
198.4	0.9999677304050606
198.3	0.9999677040537087
198.2	0.9999676793607022
198.1	0.9999676594925361
198.	0.9999676373019387
197.9	0.9999676147560189
197.8	0.9999675883914618
197.7	0.9999675668352227
197.6	0.999967541909905
197.5	0.9999675193111907
197.4	0.9999674944181188
197.3	0.9999674686456763
197.2	0.9999674424231704
197.1	0.9999674231614895
197.	0.9999674009713237
196.9	0.9999677009339094
196.8	0.9999684802145199
196.7	0.9999691979951273
196.6	0.999952409468463
196.5	0.9999702513699532
196.4	0.9999540418653827
196.3	0.9999711354489762
196.2	0.9999730235736584
196.1	0.999968958012428
196.	0.9999639274587198
195.9	0.999967107658654
195.8	0.9999568468566278
195.7	0.9999720294272423
195.6	0.9999661707667031
195.5	0.9999575303953545
195.4	0.9999575694969695
195.3	0.9999573967047906
195.2	0.9999573516236058
195.1	0.9999609274548019
195.	0.9999720395676466
194.9	0.9999715668082887
194.8	0.9999655230500348
194.7	0.9999656177756404
194.6	0.9999651263480599
194.5	0.9999703595233534
194.4	0.999953314166721
194.3	0.9999518931843525
194.2	0.9999490950946869
194.1	0.9999473775919001
194.	0.9999474073797682
193.9	0.9999474404748957
193.8	0.9999474801687664
193.7	0.9999475271002313
193.6	0.9999475974101153
193.5	0.9999477016059486
193.4	0.9999478704945003
193.3	0.9999479548482221
193.2	0.9999479195666602
193.1	0.9999511322384106
193.	0.9999722695924932
192.9	0.9999697612571127
192.8	0.999918065805234
192.7	0.9999792169208912
192.6	0.9999679432352272
192.5	0.9999586224064462
192.4	0.9999583401158287
192.3	0.9999580446990582
192.2	0.9999732732392373
192.1	0.9999690838702807
192.	0.9999680086952333
191.9	0.9999581426375288
191.8	0.9999567472636086
191.7	0.9999653656505935
191.6	0.9999703250614687
191.5	0.9999761288171601
191.4	0.9999745079792398
191.3	0.9999731551844282
191.2	0.9999731364131779
191.1	0.9999731110509287
191.	0.9999730946225079
190.9	0.9999730720584904
190.8	0.9999730496733202
190.7	0.9999464460452653
190.6	0.9999729769505801
190.5	0.9999728801479523
190.4	0.9999728167250544
190.3	0.9999727594173756
190.2	0.9999727101124067
190.1	0.9999726599287776
190.	0.9999726088366375
189.9	0.999972566583606
189.8	0.9999725269956135
189.7	0.9999724849359154
189.6	0.9999724431023754
189.5	0.99997240893207
189.4	0.9999723734928743
189.3	0.9999723323958292
189.2	0.9999722995407441
189.1	0.9999722667431059
189.	0.9999722283645308
188.9	0.9999721928420456
188.8	0.9999447353951696
188.7	0.9999721377810544
188.6	0.9999720867152182
188.5	0.9999445224594263
188.4	0.9998900345603399
188.3	0.9999720245033014
188.2	0.999973023227583
188.1	0.9999735871087524
188.	0.9999740923940346
187.9	0.9999745506351991
187.8	0.999974900391539
187.7	0.9999752067753079
187.6	0.9999540734159006
187.5	0.9999163414142047
187.4	0.9999666914795541
187.3	0.9999671057214756
187.2	0.9999626590686171
187.1	0.9999631868585352
187.	0.9999696621523659
186.9	0.9999537784834115
186.8	0.9999537278511856
186.7	0.9999535215717941
186.6	0.9999534351598597
186.5	0.9999587640413339
186.4	0.9999695102588682
186.3	0.9999653775465764
186.2	0.999962224964006
186.1	0.9999700450012396
186.	0.999967479322209
185.9	0.9999592632581782
185.8	0.9999575437569411
185.7	0.999954703953872
185.6	0.9999537163442206
185.5	0.9999536788924807
185.4	0.999970619277201
185.3	0.9999536068360432
185.2	0.9999535986864211
185.1	0.9999536090026926
185.	0.9999536877336744
184.9	0.9999536351439396
184.8	0.999970528326944
184.7	0.9999675694868722
184.6	0.9999674632560653
184.5	0.9999530027876219
184.4	0.999953541623328
184.3	0.9999625625314849
184.2	0.9999528295519785
184.1	0.9999057644331455
184.	0.9999522959577671
183.9	0.9999064807958673
183.8	0.9999771845905735
183.7	0.9999658385820245
183.6	0.9999599407398554
183.5	0.9999637663450348
183.4	0.999965602292354
183.3	0.9999449794504522
183.2	0.9999429932718589
183.1	0.9999386314343868
183.	0.9999366079440647
182.9	0.9999362386142354
182.8	0.9999358214976557
182.7	0.9999353977885597
182.6	0.999934937995991
182.5	0.9999344206289978
182.4	0.9999338165692718
182.3	0.9999332026050729
182.2	0.9999325542048284
182.1	0.9999318784206037
182.	0.9999311651880268
181.9	0.9999304197083666
181.8	0.9999296348203265
181.7	0.9999288073080184
181.6	0.999927938268682
181.5	0.9999270383846502
181.4	0.9999261534941799
181.3	0.9999260903054158
181.2	0.9999260290116303
181.1	0.9999259623056234
181.	0.9999258988885585
180.9	0.9999258373630716
180.8	0.9999257672817986
180.7	0.9999257066311452
180.6	0.9999256425997646
180.5	0.9999255747866891
180.4	0.9999255126378344
180.3	0.9999254480006543
180.2	0.9999253778873599
180.1	0.9999253141484857
180.	0.9999252460301467
179.9	0.9999251817661596
179.8	0.9999251128734634
179.7	0.9999250508494586
179.6	0.9999249863363903
179.5	0.9999249196220459
179.4	0.99992484886962
179.3	0.9999247855550452
179.2	0.9999247178196123
179.1	0.9999246516716898
179.	0.9999245856926449
178.9	0.9999245164000282
178.8	0.9999244494814443
178.7	0.999924377024883
178.6	0.9999243124825082
178.5	0.9999617535283067
178.4	0.9999241446692736
178.3	0.9999241134589791
178.2	0.999924038134496
178.1	0.9999239719958302
178.	0.9999239064267332
177.9	0.9999238374072694
177.8	0.9999237663035476
177.7	0.9999236948843993
177.6	0.9999236286317311
177.5	0.9999235564907613
177.4	0.9999234555657821
177.3	0.9999233517392927
177.2	0.9999232527007665
177.1	0.9999231522341812
177.	0.9999230469584803
176.9	0.9999229462408569
176.8	0.9999228472096684
176.7	0.9999227421221443
176.6	0.9999226422050026
176.5	0.9999225430153685
176.4	0.9999224430375094
176.3	0.9999223436984749
176.2	0.9999222470067447
176.1	0.9999221487017045
176.	0.9999606403207695
175.9	0.9999218933672676
175.8	0.9999218460352369
175.7	0.9999217493465878
175.6	0.9999216542881796
175.5	0.9999215563868938
175.4	0.9999214566191896
175.3	0.9999213574782729
175.2	0.9999212663621753
175.1	0.9999211631689765
175.	0.9999210670354213
174.9	0.9999209667056723
174.8	0.9999208750391863
174.7	0.9999207763472407
174.6	0.9999206813326994
174.5	0.9999599046692851
174.4	0.9999204348757157
174.3	0.9999203920947514
174.2	0.9999202918685351
174.1	0.9999201970781527
174.	0.999920107011205
173.9	0.9999200046520045
173.8	0.9999199130958675
173.7	0.999919815897308
173.6	0.9999197157366753
173.5	0.999919625026316
173.4	0.9999195269122411
173.3	0.9999194343558364
173.2	0.9999193370627067
173.1	0.9999192411449569
173.	0.9999191445937051
172.9	0.9999190537185708
172.8	0.9999189607829982
172.7	0.999918864212541
172.6	0.9999187712959877
172.5	0.999918678755896
172.4	0.9999185813470531
172.3	0.9999184854898561
172.2	0.9999183924013683
172.1	0.999918296632723
172.	0.9999182065243234
171.9	0.9999181097193268
171.8	0.9999180134460325
171.7	0.9999179188639489
171.6	0.9999178290314938
171.5	0.999917730892437
171.4	0.9999176360161487
171.3	0.9999175391120448
171.2	0.9999174492778519
171.1	0.9999173515584744
171.	0.9999172594735748
170.9	0.9999171666581257
170.8	0.9999170686093486
170.7	0.9999169765828676
170.6	0.9999168794835043
170.5	0.999916786564294
170.4	0.9999166918098871
170.3	0.9999165956832747
170.2	0.9999164976486431
170.1	0.9999164088673766
170.	0.9999163130230644
169.9	0.9999162200408185
169.8	0.9999161217398294
169.7	0.9999160251327646
169.6	0.9999159316309917
169.5	0.9999158345828695
169.4	0.9999157434451489
169.3	0.9999156459560979
169.2	0.9999155510484254
169.1	0.9999154553666457
169.	0.9999153622173736
168.9	0.9999152644784045
168.8	0.9999151662274031
168.7	0.9999150715606814
168.6	0.9999149750549403
168.5	0.9999148787859659
168.4	0.999914786784187
168.3	0.9999146892192986
168.2	0.9999145918689352
168.1	0.9999144957884131
168.	0.9999143988569851
167.9	0.9999143039060067
167.8	0.9999142051914321
167.7	0.9999141078640359
167.6	0.9999565837892724
167.5	0.9999138643681412
167.4	0.9999138166147956
167.3	0.9999137237085411
167.2	0.9999136243883564
167.1	0.9999563374723122
167.	0.9999133733351041
166.9	0.9999133300391273
166.8	0.9999132285303328
166.7	0.9999131311063838
166.6	0.999913036993685
166.5	0.9999129401006489
166.4	0.9999128360285058
166.3	0.9999127376996149
166.2	0.9999126401148789
166.1	0.9999125451521491
166.	0.9999124417459838
165.9	0.9999123454063595
165.8	0.9999122474173493
165.7	0.9999121506454067
165.6	0.9999120505725517
165.5	0.9999119477706196
165.4	0.999955490672195
165.3	0.9999116878728419
165.2	0.9999116494553741
165.1	0.9999115476395128
165.	0.9999114474402648
164.9	0.9999552396947281
164.8	0.9999111828965473
164.7	0.9999111454400127
164.6	0.9999110442564518
164.5	0.9999109379641016
164.4	0.9999108419183766
164.3	0.9999107362013383
164.2	0.9999106359135729
164.1	0.9999105370915593
164.	0.9999104295650844
163.9	0.9999103306530798
163.8	0.9999102254164594
163.7	0.999910122104335
163.6	0.9999100173902281
163.5	0.9999099204078633
163.4	0.9999098129287282
163.3	0.9999097124475883
163.2	0.9999096075429829
163.1	0.9999095054098881
163.	0.9999542549370837
162.9	0.9999092318803301
162.8	0.9999091905690131
162.7	0.999909086570897
162.6	0.9999089834197208
162.5	0.9999088728416987
162.4	0.9999087703644115
162.3	0.9999086639986318
162.2	0.9999085574403913
162.1	0.9999084548207922
162.	0.9999083452785549
161.9	0.9999082372559118
161.8	0.9999081347543848
161.7	0.9999535622582036
161.6	0.9999078588577328
161.5	0.9999534535281311
161.4	0.9999076454903418
161.3	0.9999075975234657
161.2	0.9999074834403594
161.1	0.9999073788468221
161.	0.9999072724705906
160.9	0.9999071618286131
160.8	0.9999070587744906
160.7	0.9999069465778639
160.6	0.9999068377851341
160.5	0.9999067268559977
160.4	0.9999066164134999
160.3	0.9999065055532007
160.2	0.9999527389675252
160.1	0.999906222308194
160.	0.9999061797294755
159.9	0.999906062934411
159.8	0.9999059545204034
159.7	0.9999058417789277
159.6	0.9999057290992643
159.5	0.9999523441405557
159.4	0.9999054367739336
159.3	0.9999053974839005
159.2	0.9999052784589394
159.1	0.9999051673343183
159.	0.9999050555356159
158.9	0.9999049392793681
158.8	0.9999048257685144
158.7	0.9999047122381173
158.6	0.9999518321406258
158.5	0.9999044134530897
158.4	0.9999043665288121
158.3	0.9999042547911254
158.2	0.9999041368034717
158.1	0.9999040233889813
158.	0.999903902513594
157.9	0.999903793078397
157.8	0.9999036726647099
157.7	0.9999035578453779
157.6	0.9999034403344813
157.5	0.9999033195724146
157.4	0.999903208405836
157.3	0.9999030879003079
157.2	0.9999029716172614
157.1	0.9999028529285771
157.	0.9999027282250935
156.9	0.9999026127723828
156.8	0.9999024909553437
156.7	0.9999023792590869
156.6	0.9999022513754627
156.5	0.9999021329942485
156.4	0.9999020096347218
156.3	0.9999018908686305
156.2	0.9999017677931932
156.1	0.9999016457841584
156.	0.999901526470064
155.9	0.9999014058529111
155.8	0.999901284611673
155.7	0.9999011578758528
155.6	0.9999010325710798
155.5	0.9999009118255592
155.4	0.9999007836885352
155.3	0.9999006644904157
155.2	0.9999005379165222
155.1	0.999900416515591
155.	0.9999002922712807
154.9	0.9999001639511013
154.8	0.9999000349891376
154.7	0.999899910508713
154.6	0.9998997871796261
154.5	0.9998996598309574
154.4	0.9998995321594599
154.3	0.999899400810029
154.2	0.9998992795217257
154.1	0.9998991485119388
154.	0.9998990221786588
153.9	0.9998988868844635
153.8	0.9998988803612296
153.7	0.999899080505914
153.6	0.9998992773916996
153.5	0.9998994724023981
153.4	0.9998996668127348
153.3	0.9998998522604451
153.2	0.9999000408738465
153.1	0.9999002234510818
153.	0.9999003996197431
152.9	0.999900571558999
152.8	0.9999007487279475
152.7	0.9999009164210629
152.6	0.9999010813312809
152.5	0.9999012453269851
152.4	0.9999014045894176
152.3	0.9999015662266697
152.2	0.9999017170655147
152.1	0.9999018749393036
152.	0.9999020305340296
151.9	0.9999021731315999
151.8	0.9999023160031872
151.7	0.9999024584570213
151.6	0.999902600507015
151.5	0.9999027378300924
151.4	0.9999028772997245
151.3	0.9999030109805529
151.2	0.9999031425169838
151.1	0.9999032775354642
151.	0.9999034046897876
150.9	0.9999035266178019
150.8	0.9999036471614792
150.7	0.9999037604083192
150.6	0.9999038725614756
150.5	0.9999039798358444
150.4	0.9999040871478907
150.3	0.9999041957830026
150.2	0.9999043000418948
150.1	0.9999044038703434
150.	0.999904509456596
149.9	0.9999046153566259
149.8	0.9999047157946308
149.7	0.9999048128971063
149.6	0.9999049182748005
149.5	0.9999049747448828
149.4	0.9999050221781567
149.3	0.9999050716774066
149.2	0.9999051152835104
149.1	0.9999051548294972
149.	0.9999051958293443
148.9	0.9999052341980645
148.8	0.9999052731186596
148.7	0.9999053004265195
148.6	0.9999053289868625
148.5	0.9999053574738602
148.4	0.999905383564019
148.3	0.999905400983422
148.2	0.9999054192052872
148.1	0.9999054345777584
148.	0.9999068828243128
147.9	0.9999093229656374
147.8	0.9999115406520553
147.7	0.9999135493077228
147.6	0.9999152488675538
147.5	0.9999165698716527
147.4	0.9999180388473011
147.3	0.9999392065315208
147.2	0.9999476458160467
147.1	0.9998748779599258
147.	0.9998742077901426
146.9	0.9998771695315007
146.8	0.9999380955412753
146.7	0.999938674350449
146.6	0.9999384799171919
146.5	0.9999384588001233
146.4	0.999946566896032
146.3	0.9999494303393587
146.2	0.9999375114315723
146.1	0.9999379057650077
146.	0.9999500748231334
145.9	0.999940848489065
145.8	0.9998655648066014
145.7	0.9998670499440127
145.6	0.9999290625260362
145.5	0.9999244131340743
145.4	0.9998504609904183
145.3	0.9999244427261778
145.2	0.9999247315390012
145.1	0.9999249159492432
145.	0.9998518528631276
144.9	0.999851634588912
144.8	0.9999253109665207
144.7	0.9999354684568311
144.6	0.9999492193214615
144.5	0.9999408645563902
144.4	0.9999085128382174
144.3	0.9998863195809012
144.2	0.9999348890074292
144.1	0.9999248223830031
144.	0.9999244337996416
143.9	0.9999348077796095
143.8	0.9999007886804212
143.7	0.9998953132844971
143.6	0.9998774991968193
143.5	0.9999503963506823
143.4	0.9999320923644351
143.3	0.9999286537099347
143.2	0.999924145098229
143.1	0.9999518885159446
143.	0.9999240178018194
142.9	0.99992397607719
142.8	0.9999239037985412
142.7	0.9999238434744349
142.6	0.9999236466798229
142.5	0.9999234403852547
142.4	0.9999232521210066
142.3	0.9999230841071678
142.2	0.9999229235887971
142.1	0.9999227724723416
142.	0.9999226314808518
141.9	0.9999224991506827
141.8	0.9999223690347075
141.7	0.9999222423598823
141.6	0.9999221179933558
141.5	0.9999219888222235
141.4	0.9999218724606407
141.3	0.9999217511080067
141.2	0.9999503234810226
141.1	0.9999214570349299
141.	0.9999213740171206
140.9	0.9999212522493711
140.8	0.999922331036338
140.7	0.9999244018408605
140.6	0.9999262782191263
140.5	0.9999279643498578
140.4	0.9999292273436927
140.3	0.9999302544297126
140.2	0.9999385056654804
140.1	0.9999441853401279
140.	0.9999365034200007
139.9	0.999933831209363
139.8	0.9999476816825359
139.7	0.999869549826072
139.6	0.9998816580002982
139.5	0.9998692515211239
139.4	0.9998687954165323
139.3	0.9998705372098403
139.2	0.999888258930652
139.1	0.9999460364386036
139.	0.9999453188363064
138.9	0.9999385906508145
138.8	0.9999259818064586
138.7	0.9999219938658402
138.6	0.9999170944133795
138.5	0.9999170098980404
138.4	0.9999169030292168
138.3	0.9999168079245884
138.2	0.9999167502590206
138.1	0.9999167806548184
138.	0.9999168533495757
137.9	0.9999165694099365
137.8	0.9999232229055474
137.7	0.9999452996126827
137.6	0.999866911545098
137.5	0.9998663847144875
137.4	0.999890676655382
137.3	0.9999397256097152
137.2	0.9999312765469033
137.1	0.9999306778384803
137.	0.9999396649558749
136.9	0.9999416578817447
136.8	0.9999276950957318
136.7	0.9999361621250935
136.6	0.9999390490314582
136.5	0.9998432761493995
136.4	0.9999334717278845
136.3	0.9999092224844102
136.2	0.9999084789556855
136.1	0.999953579299369
136.	0.9999066808165383
135.89999999999998	0.9999528835241739
135.8	0.9999051808122045
135.7	0.9999049650981836
135.6	0.9999040341619045
135.5	0.9999511566162018
135.39999999999998	0.9998044283223192
135.3	0.9999509299042066
135.2	0.9998990264508637
135.1	0.9998988035864464
135.	0.9999484179424369
134.89999999999998	0.9998953709281737
134.8	0.9999471700585948
134.7	0.99994590842225
134.6	0.999945811246064
134.5	0.9999457283704366
134.39999999999998	0.9999456459206989
134.3	0.9999455617195852
134.2	0.9999454731202645
134.1	0.9998915900886373
134.	0.9999453546755221
133.89999999999998	0.9999452148331843
133.8	0.9999451277846163
133.7	0.9999450332563864
133.6	0.9999449487540715
133.5	0.9998905432864916
133.39999999999998	0.9999448280525196
133.3	0.9999446797712105
133.2	0.9999445949606739
133.1	0.9998898405646626
133.	0.9998897707881487
132.89999999999998	0.9999443798769324
132.8	0.9999442321189255
132.7	0.999944137878385
132.6	0.999944047691199
132.5	0.9998887549365559
132.39999999999998	0.9999439335042684
132.3	0.999943777162305
132.2	0.9999436904305391
132.1	0.9999435970935922
132.	0.9999435052795221
131.89999999999998	0.9999434172377052
131.8	0.9999433266728356
131.7	0.9999432429790899
131.6	0.9998871575104242
131.5	0.9999431236889735
131.39999999999998	0.9999429781248034
131.3	0.999942893871322
131.2	0.9999428082779906
131.1	0.999942722721701
131.	0.9998861463687708
130.89999999999998	0.9999426113112978
130.8	0.9999424822671263
130.7	0.9999424069182629
130.6	0.9999423276823797
130.5	0.9998853771385209
130.39999999999998	0.9999422364966795
130.3	0.9999421182108483
130.2	0.9998849866018201
130.1	0.999884925307151
130.	0.9998848116627191
129.89999999999998	0.9999419185601823
129.8	0.9999418443290461
129.7	0.9999418041810545
129.6	0.9998843323413013
129.5	0.9998842598690729
129.39999999999998	0.9999415781751859
129.3	0.9998836224844838
129.2	0.9999413448389164
129.1	0.9999411323247196
129.	0.9999410119340778
128.89999999999998	0.9999408884105405
128.8	0.9999407665350266
128.7	0.9999406412364988
128.6	0.9998851243802364
128.5	0.9999424268120726
128.39999999999998	0.9998937056881434
128.3	0.9998943251938976
128.2	0.9997995105625642
128.1	0.9999473869624198
128.	0.9999374527209124
127.89999999999999	0.9999037678240147
127.8	0.999902520196007
127.7	0.9999018543331463
127.6	0.9999257489487368
127.5	0.9998421485363777
127.39999999999999	0.9998639542166297
127.3	0.9999199439609783
127.2	0.9999084856348712
127.1	0.9999030693219824
127.	0.9999030997533289
126.89999999999999	0.9999031544292474
126.8	0.9999033381011989
126.7	0.9999038575106979
126.6	0.9999036751513093
126.5	0.9999364770437672
126.39999999999999	0.9999352335454083
126.3	0.99982446552677
126.2	0.9999381129177677
126.1	0.9998180899830451
126.	0.999805957435281
125.89999999999999	0.9999068825664601
125.8	0.9998558301354533
125.7	0.9999165325141537
125.6	0.9998752223973276
125.5	0.9998750782857938
125.39999999999999	0.9998748010872199
125.3	0.9998745026930934
125.2	0.999874131603056
125.1	0.9998733978049542
125.	0.9998727592684947
124.89999999999999	0.999872187411514
124.8	0.9998716702624093
124.7	0.9998711799864592
124.6	0.9998707134049006
124.5	0.9998702801736078
124.39999999999999	0.999869838760359
124.3	0.9998694138079525
124.2	0.9998689757947982
124.1	0.9998685505218239
124.	0.9998681204097092
123.89999999999999	0.9998681096154458
123.8	0.9998732567855942
123.7	0.9998779112679947
123.6	0.999881366183996
123.5	0.9998921583562697
123.39999999999999	0.9999253558786773
123.3	0.9999295690292601
123.19999999999999	0.9999117278380864
123.1	0.9999112302935731
123.	0.9999153539618746
122.89999999999999	0.9999263017693998
122.8	0.9999131926737681
122.69999999999999	0.9999230979289367
122.6	0.9998965433452994
122.5	0.9998880888182398
122.39999999999999	0.9998878457043916
122.3	0.9998875734280224
122.19999999999999	0.9997770497861056
122.1	0.9998874129056686
122.	0.9998888832543839
121.89999999999999	0.9999228236644179
121.8	0.9999212737266533
121.69999999999999	0.9998843168285997
121.6	0.9998830838798942
121.5	0.9998999848501036
121.39999999999999	0.9998060749157033
121.3	0.9999185762040312
121.19999999999999	0.999884628581201
121.1	0.9998767510018309
121.	0.9999210045244146
120.89999999999999	0.999919152276678
120.8	0.9999176832101417
120.69999999999999	0.9998676322649985
120.6	0.9999156288183465
120.5	0.999912413295681
120.39999999999999	0.9999103768614808
120.3	0.9999080570066468
120.19999999999999	0.9999076230470033
120.1	0.9999073670861313
120.	0.9999071202605053
119.89999999999999	0.9999104749036644
119.8	0.9999098666003975
119.69999999999999	0.9999110921808957
119.6	0.9999237606163133
119.5	0.9999265791759346
119.39999999999999	0.9999260156819357
119.3	0.9999241866245571
119.19999999999999	0.9999210338285484
119.1	0.9999157144311587
119.	0.9999099410342103
118.89999999999999	0.9999098201970135
118.8	0.9999096835827725
118.69999999999999	0.9999095581355564
118.6	0.9999095001186284
118.5	0.9999096158197941
118.39999999999999	0.9999093474601851
118.3	0.9999140228262049
118.19999999999999	0.9999248828588445
118.1	0.9999080146259467
118.	0.9999252746305745
117.89999999999999	0.999835638995852
117.8	0.999847102665413
117.69999999999999	0.9998152294390733
117.6	0.9998135359258802
117.5	0.9998114193600017
117.39999999999999	0.999838235069196
117.3	0.9999213011993456
117.19999999999999	0.9999162583304713
117.1	0.9998915101394691
117.	0.9998866689002547
116.89999999999999	0.9998766537683732
116.8	0.9998743383130614
116.69999999999999	0.9998733402964737
116.6	0.9998722547456562
116.5	0.999871111153487
116.39999999999999	0.9998698993965334
116.3	0.9998685455532329
116.19999999999999	0.9998669940193957
116.1	0.9998653900176862
116.	0.999863743728487
115.89999999999999	0.999862023840053
115.8	0.9998602120682795
115.69999999999999	0.9998583371870223
115.6	0.9998563437237461
115.5	0.9998542836862959
115.39999999999999	0.9998523938623439
115.3	0.999852105159928
115.19999999999999	0.9998518127387556
115.1	0.99985150983376
115.	0.9998512139765774
114.89999999999999	0.9998509109097274
114.8	0.9998506092568659
114.69999999999999	0.9998503044541057
114.6	0.999850000582255
114.5	0.9998496929430014
114.39999999999999	0.9998493825644935
114.3	0.9998490721785677
114.19999999999999	0.9998487623349238
114.1	0.9998484490887521
114.	0.9998481332801102
113.89999999999999	0.9998478188070425
113.8	0.999847502380067
113.69999999999999	0.9998471772975669
113.6	0.9998468574677619
113.5	0.9998465395773725
113.39999999999999	0.9998462285310505
113.3	0.9998459043682425
113.19999999999999	0.9998455878497231
113.1	0.9998452663937926
113.	0.9998449607041794
112.89999999999999	0.9998446409543907
112.8	0.9998443172234511
112.69999999999999	0.9998440024421876
112.6	0.9998436931169304
112.5	0.9998433867165485
112.39999999999999	0.9998430785736447
112.3	0.999842772140215
112.19999999999999	0.9998424693893374
112.1	0.9998421834372964
112.	0.999841892763188
111.89999999999999	0.9998416118296455
111.8	0.9998413401581301
111.69999999999999	0.9998410692529492
111.6	0.9998408109237972
111.5	0.9998405656220929
111.39999999999999	0.9998403367118083
111.3	0.9998401118981946
111.19999999999999	0.9998399068549746
111.1	0.9998396722146128
111.	0.9998392646610585
110.89999999999999	0.9998388517152395
110.8	0.9998384363790791
110.69999999999999	0.999838011236601
110.6	0.9998375960584247
110.5	0.999837171807282
110.39999999999999	0.999836744746396
110.3	0.999836305411386
110.19999999999999	0.9998358703297204
110.1	0.9998417782177531
110.	0.9998487899637576
109.89999999999999	0.999853828426065
109.8	0.9998822764903251
109.69999999999999	0.9997793358614386
109.6	0.9998071026376154
109.5	0.9998938237553
109.39999999999999	0.999890715467454
109.3	0.9999089861046381
109.19999999999999	0.9998888281068222
109.1	0.9999095357610267
109.	0.9997548555451079
108.89999999999999	0.9999054719318828
108.8	0.9998640284008916
108.69999999999999	0.9998639978842064
108.6	0.9997309713587645
108.5	0.9997304412998274
108.39999999999999	0.9997309479444482
108.3	0.9997319548823954
108.19999999999999	0.9998735267887168
108.1	0.9998789748821151
108.	0.9998624771713701
107.89999999999999	0.9998710061710843
107.8	0.9999051061437717
107.69999999999999	0.9998132336202995
107.6	0.9998837155982657
107.5	0.9998600438489998
107.39999999999999	0.9998597235058491
107.3	0.9998593010941171
107.19999999999999	0.9998588673398263
107.1	0.999858029765783
107.	0.9998571729507603
106.89999999999999	0.9998564156962135
106.8	0.9998557086715135
106.69999999999999	0.9998550509768719
106.6	0.9998544097641742
106.5	0.9998538079622021
106.39999999999999	0.9998532149105288
106.3	0.9998525975849509
106.19999999999999	0.9998519982263836
106.1	0.9998513862884953
106.	0.9999072811702742
105.89999999999999	0.9998632041888166
105.8	0.9998650629781268
105.69999999999999	0.9998681797209561
105.6	0.9998937516671708
105.5	0.9998831829591261
105.39999999999999	0.9997872050952737
105.3	0.999897559431199
105.19999999999999	0.9997764397260646
105.1	0.9997487264502989
105.	0.999890923399001
104.89999999999999	0.9998614287344757
104.8	0.9998522158908919
104.69999999999999	0.9998405484407478
104.6	0.9998400915617013
104.5	0.9998396338519004
104.39999999999999	0.9998396603075093
104.3	0.9998387891295516
104.19999999999999	0.9998942454367196
104.1	0.9998934392966069
104.	0.9998674495997807
103.89999999999999	0.9998655336856362
103.8	0.9998876078978878
103.69999999999999	0.9998872372608159
103.6	0.9998448196277312
103.5	0.999834162354095
103.39999999999999	0.9998217016574346
103.3	0.9998194160304861
103.19999999999999	0.999907587855665
103.1	0.9998088052287588
103.	0.9999039556133374
102.89999999999999	0.9998990232869209
102.8	0.9998964418612644
102.69999999999999	0.9998941659454578
102.6	0.9997891712367365
102.5	0.9998937809174225
102.39999999999999	0.9998929815716555
102.3	0.9998925910798854
102.19999999999999	0.9998921806201995
102.1	0.9998917701523338
102.	0.9998913673782629
101.89999999999999	0.9998909490825056
101.8	0.9998905118601995
101.69999999999999	0.9998900416556201
101.6	0.9998895748851105
101.5	0.9998891068248443
101.39999999999999	0.9998886322260346
101.3	0.9998881562760495
101.19999999999999	0.9998876656475955
101.1	0.9998871751553098
101.	0.9998866921322841
100.89999999999999	0.9998862029914803
100.8	0.99988570296987
100.69999999999999	0.9998852035689685
100.6	0.9998847009945204
100.5	0.999884194427018
100.39999999999999	0.9998836688104531
100.3	0.9998831520334812
100.19999999999999	0.9998825688507005
100.1	0.9998819814078105
100.	0.9998813893323218
99.89999999999999	0.9998808006546498
99.8	0.9998802081303944
99.69999999999999	0.9998796056107117
99.6	0.9998790010890566
99.5	0.9998783877650375
99.39999999999999	0.9998777720897141
99.3	0.9998771516541456
99.19999999999999	0.9998765413978351
99.1	0.9998759172008106
99.	0.9998752791208251
98.89999999999999	0.9998746448615295
98.8	0.9998739975350172
98.69999999999999	0.9998733554271235
98.6	0.9998726935742538
98.5	0.9998720369636833
98.39999999999999	0.9998713809958956
98.3	0.9998706962002207
98.19999999999999	0.9998700160748084
98.1	0.9998693364835104
98.	0.9998686434681864
97.89999999999999	0.9998679504672093
97.8	0.9998672545671691
97.69999999999999	0.9998665233405732
97.6	0.9998658010360418
97.5	0.9998650849166297
97.39999999999999	0.9998643452119176
97.3	0.9998636066509131
97.19999999999999	0.9998628527505193
97.1	0.9998620930375346
97.	0.9998613258145108
96.89999999999999	0.9998605546660869
96.8	0.999859773648035
96.69999999999999	0.9998589768649769
96.6	0.9998581739301365
96.5	0.9998573614896253
96.39999999999999	0.9998565414403412
96.3	0.9998557099548799
96.19999999999999	0.9998548691866684
96.1	0.9998540226814049
96.	0.9998531630444618
95.89999999999999	0.9998522844103338
95.8	0.9998514028051181
95.69999999999999	0.9998505026112038
95.6	0.9998496011332589
95.5	0.9998486774448666
95.39999999999999	0.9998477523085888
95.3	0.9998468077803492
95.19999999999999	0.9998458558537144
95.1	0.9998448870533089
95.	0.9998439069643542
94.89999999999999	0.9998429173789464
94.8	0.9998419108749091
94.69999999999999	0.9998408927352428
94.6	0.9998398590649648
94.5	0.9998387891099817
94.39999999999999	0.9998377383899038
94.3	0.9998366615832829
94.19999999999999	0.9998355521341654
94.1	0.999834435081926
94.	0.9998333249557777
93.89999999999999	0.9998321871074544
93.8	0.9998310157330517
93.69999999999999	0.9998298413430123
93.6	0.9998286555984507
93.5	0.9998274289180541
93.39999999999999	0.999826195282809
93.3	0.9998249456657783
93.19999999999999	0.9998236818219592
93.1	0.9998223869456999
93.	0.9998210858583861
92.89999999999999	0.9998197272407087
92.8	0.9998183771401095
92.69999999999999	0.9998170052917417
92.6	0.9998156259182739
92.5	0.9998142128235521
92.39999999999999	0.9998127594946398
92.3	0.999811299827782
92.19999999999999	0.9998098016611118
92.1	0.999808695789909
92.	0.9998079513518655
91.89999999999999	0.9998072097060362
91.8	0.9998064579325168
91.69999999999999	0.9998057034108555
91.6	0.99980495419349
91.5	0.9998041743380888
91.39999999999999	0.9998034080091268
91.3	0.9998026360320904
91.19999999999999	0.9998018427361645
91.1	0.9998010544993494
91.	0.9998002617701646
90.89999999999999	0.999799457488421
90.8	0.9997986526185586
90.69999999999999	0.9997978208566756
90.6	0.9997970095241736
90.5	0.9997961687351685
90.39999999999999	0.9997953293367862
90.3	0.9997945026718961
90.19999999999999	0.999793648344263
90.1	0.9997927951430656
90.	0.9997919167983407
89.89999999999999	0.999791061532065
89.8	0.9997901638459797
89.69999999999999	0.9997892883575331
89.6	0.9997883877362267
89.5	0.9997874801141089
89.39999999999999	0.9997865864022765
89.3	0.99978565907251
89.19999999999999	0.9997847397314735
89.1	0.9997838131717006
89.	0.9997828703929398
88.89999999999999	0.9997819088755773
88.8	0.9997809660176947
88.69999999999999	0.9997799804943359
88.6	0.9997790208687447
88.5	0.9997780384287275
88.39999999999999	0.9997770635578627
88.3	0.9997760654801614
88.19999999999999	0.9997750429661579
88.1	0.999774032530358
88.	0.9997738930931266
87.89999999999999	0.9997738448236592
87.8	0.9997738198094587
87.69999999999999	0.9997737867990891
87.6	0.9997737451793893
87.5	0.9997737334650366
87.39999999999999	0.9998565397592788
87.3	0.9997736789636014
87.19999999999999	0.9997735972181886
87.1	0.9997735679239961
87.	0.9997735210172131
86.89999999999999	0.9997734788477585
86.8	0.9997734573221325
86.69999999999999	0.9997734008207283
86.6	0.9997733676170161
86.5	0.9997733361091258
86.39999999999999	0.9997732978900437
86.3	0.9997732555645178
86.19999999999999	0.9997732211445194
86.1	0.9997731871915582
86.	0.9997731244144005
85.89999999999999	0.999773108217942
85.8	0.9997730839315561
85.69999999999999	0.9997730289174235
85.6	0.9997729945740795
85.5	0.9997729512728093
85.39999999999999	0.9997729099061231
85.3	0.999772859006902
85.19999999999999	0.9997728227506852
85.1	0.9997727693329913
85.	0.9997727562677824
84.89999999999999	0.9997726981071755
84.8	0.9997726636349388
84.69999999999999	0.999772616975078
84.6	0.9997725646457172
84.5	0.999772530173592
84.39999999999999	0.9997724968747782
84.3	0.9997724697620188
84.19999999999999	0.9997724087283554
84.1	0.9997723673654848
84.	0.9997723299056508
83.89999999999999	0.9997722871473754
83.8	0.9997722415532314
83.69999999999999	0.9997722073766971
83.6	0.9997721519518665
83.5	0.9997721053374526
83.39999999999999	0.999772076587484
83.3	0.9997720327707862
83.19999999999999	0.9997719937440289
83.1	0.999771944601467
83.	0.9997718965838478
82.89999999999999	0.9997718458324226
82.8	0.9997718138791808
82.69999999999999	0.9997717710070024
82.6	0.9997717117605858
82.5	0.999771668024058
82.39999999999999	0.9997716217131006
82.3	0.9997715787799207
82.19999999999999	0.9997715393712269
82.1	0.9997714934279709
82.	0.9997714588711746
81.89999999999999	0.9997714027685501
81.8	0.9997713570755716
81.69999999999999	0.999771307577276
81.6	0.9997712676971536
81.5	0.9997712263692508
81.39999999999999	0.9997711728554389
81.3	0.9997711341853378
81.19999999999999	0.999771088328126
81.1	0.9997710426085037
81.	0.9997709945283129
80.89999999999999	0.9997709678505634
80.8	0.9997709228973932
80.69999999999999	0.999770868375315
80.6	0.9997708043933831
80.5	0.999770758019848
80.39999999999999	0.9997707160572564
80.3	0.9997706795331281
80.19999999999999	0.9997706392569313
80.1	0.9997705957223824
80.	0.9997705359786111
79.89999999999999	0.9997705081725564
79.8	0.9997704555108496
79.69999999999999	0.9997704279596533
79.6	0.9997703683434696
79.5	0.9997703271168829
79.39999999999999	0.9997702976364794
79.3	0.9997702432917279
79.19999999999999	0.9997701926570465
79.1	0.9997701729479612
79.	0.9997701237919945
78.89999999999999	0.9997700546571139
78.8	0.9997700363473766
78.69999999999999	0.9997699934320379
78.6	0.9997699616029467
78.5	0.9997699305889962
78.39999999999999	0.9997698511153766
78.3	0.9997698605559707
78.19999999999999	0.9997697950344205
78.1	0.9997697621802474
78.	0.9997697355849353
77.89999999999999	0.9997696853755366
77.8	0.9997696436679945
77.69999999999999	0.9997696303248225
77.6	0.9997695840031297
77.5	0.9997695847859055
77.39999999999999	0.9997695595790311
77.3	0.9997695424465836
77.19999999999999	0.9997694932381593
77.1	0.999769485420046
77.	0.9997694428630527
76.89999999999999	0.9997694292098477
76.8	0.9997694421067348
76.69999999999999	0.9997694092126006
76.6	0.999769383285077
76.5	0.9997693829709733
76.39999999999999	0.9997693696874164
76.3	0.9997693621124235
76.19999999999999	0.9997693356859837
76.1	0.9997693497417641
76.	0.999769338159865
75.89999999999999	0.9997693760795539
75.8	0.9997693601119763
75.69999999999999	0.9997693784982316
75.6	0.9997693874320505
75.5	0.9997694073401066
75.39999999999999	0.9997694691567808
75.3	0.9997694782322528
75.19999999999999	0.9997695046280591
75.1	0.9997695635775941
75.	0.9997696032324613
74.89999999999999	0.9997696562370225
74.8	0.9997697504212922
74.69999999999999	0.9997697619138727
74.6	0.9997698724599066
74.5	0.9997699616486138
74.39999999999999	0.9997700631303167
74.3	0.9997701672576632
74.19999999999999	0.9997702723718338
74.1	0.9997704151238515
74.	0.99977051674201
73.89999999999999	0.9997706720648005
73.8	0.999770843593512
73.69999999999999	0.9997710351515915
73.6	0.9997712665946056
73.5	0.999771435065018
73.39999999999999	0.9997716798370729
73.3	0.9997718709390826
73.19999999999999	0.9997721651190475
73.1	0.9997724838444054
73.	0.9997727948707061
72.89999999999999	0.99977310616866
72.8	0.999773465303812
72.69999999999999	0.9997738462614626
72.6	0.9997742862338438
72.5	0.9997747730234204
72.39999999999999	0.999775269094445
72.3	0.9997757891278131
72.19999999999999	0.9997764345009533
72.1	0.9997770398112431
72.	0.9997777235054416
71.9	0.9997784458935913
71.79999999999998	0.9997792940919735
71.69999999999999	0.9997801616522415
71.6	0.9997811079803625
71.5	0.9997821683030182
71.4	0.9997832422616414
71.29999999999998	0.9997845145279596
71.19999999999999	0.9997857978353251
71.1	0.9997872413951193
71.	0.9997887878513503
70.9	0.9995842919368965
70.79999999999998	0.9997910184123678
70.69999999999999	0.9995920727211304
70.6	0.9995935780815078
70.5	0.9995982551049614
70.4	0.9998002318225566
70.29999999999998	0.9996128563209024
70.19999999999999	0.9996157582361646
70.1	0.9996226998631919
70.	0.999630567167145
69.9	0.9992854770754835
69.79999999999998	0.9992878177462385
69.69999999999999	0.9993436977844725
69.6	0.9997872235714662
69.5	0.9997374946701705
69.4	0.9997455605146738
69.29999999999998	0.9995001892853748
69.19999999999999	0.9995891661904829
69.1	0.9996643672456054
69.	0.9996519383874292
68.9	0.9996475140094747
68.79999999999998	0.9996452799006464
68.69999999999999	0.9996443023621071
68.6	0.9996439425420101
68.5	0.999643850942355
68.4	0.9996439675659003
68.29999999999998	0.9996441632774358
68.19999999999999	0.9996443575711336
68.1	0.9996474488737765
68.	0.9996702767421578
67.9	0.9996890243495486
67.79999999999998	0.9997028336898802
67.69999999999999	0.9996999501963976
67.6	0.999650106548264
67.5	0.9995600022677202
67.4	0.9995723469117689
67.29999999999998	0.9996995130284819
67.19999999999999	0.9997011064841523
67.1	0.9994846387638551
67.	0.9994620224976828
66.9	0.9994647241768442
66.79999999999998	0.9994706684946945
66.69999999999999	0.999494617937636
66.6	0.9996603853562523
66.5	0.9993190387396153
66.4	0.9996398221724648
66.29999999999998	0.9997321190263632
66.19999999999999	0.9997219204860874
66.1	0.999713095059306
66.	0.999704709702481
65.9	0.999695264809911
65.79999999999998	0.9996843115075278
65.69999999999999	0.9996716798809052
65.6	0.999656201756322
65.5	0.9996371671839115
65.4	0.9996134463133979
65.29999999999998	0.999584728260196
65.19999999999999	0.9995485860987703
65.1	0.9996846337319346
65.	0.999648180697578
64.9	0.9996039339870413
64.79999999999998	0.9995494649680264
64.69999999999999	0.9994814582634988
64.6	0.9993993253952825
64.5	0.9993192506148897
64.4	0.9992267384581871
64.29999999999998	0.9991169448826701
64.19999999999999	0.999535990176003
64.1	0.9991057404620267
64.	0.9991541237860642
63.900000000000006	0.9998090406801478
63.79999999999998	0.887660297069919
63.69999999999999	0.7401317823797042
63.599999999999994	0.6559974289180295
63.5	0.5884676649809663
63.400000000000006	0.5258895072602076
63.29999999999998	0.0734783523850575
63.19999999999999	0.07330651396813753
63.099999999999994	0.0731392378170773
63.	0.07297626356585966
62.900000000000006	0.07281741411349421
62.79999999999998	0.0726625724919618
62.69999999999999	0.0725116187810466
62.599999999999994	0.07236434957230803
62.5	0.07222068714449208
62.400000000000006	0.0720804771048615
62.29999999999998	0.0719436429347467
62.19999999999999	0.07181000590286894
62.099999999999994	0.07167955024565606
62.	0.07155207334257313
61.900000000000006	0.07142759149413241
61.79999999999998	0.07130592200445635
61.69999999999999	0.0711870296690466
61.599999999999994	0.07107083083996679
61.5	0.0709572327536911
61.400000000000006	0.0708461702635514
61.29999999999998	0.07073757029821767
61.19999999999999	0.07063136672859585
61.099999999999994	0.07052746451162786
61.	0.07042590383461123
60.900000000000006	0.07032648368007441
60.79999999999998	0.07022922798061676
60.69999999999999	0.0701340809219554
60.599999999999994	0.0700409623519887
60.5	0.06994987242632474
60.400000000000006	0.06986072424786488
60.29999999999998	0.0697734662920063
60.19999999999999	0.06968803987247736
60.099999999999994	0.06960447029542134
60.	0.0695226762631607
59.900000000000006	0.06944260058441885
59.79999999999998	0.06936422318809968
59.69999999999999	0.06928748605374134
59.599999999999994	0.06921240491140178
59.5	0.06913887799732195
59.400000000000006	0.06906695314968538
59.29999999999998	0.06899652116567417
59.19999999999999	0.06892757969254958
59.099999999999994	0.06886012346735501
59.	0.06879410871803088
58.900000000000006	0.06872948467753871
58.79999999999998	0.06866624463362071
58.69999999999999	0.06860436302607609
58.599999999999994	0.06854382966562333
58.5	0.06848458999695604
58.400000000000006	0.0684266499478971
58.29999999999998	0.06836995655506872
58.19999999999999	0.06831450602519368
58.099999999999994	0.06826026284510704
58.	0.0682072310558949
57.900000000000006	0.06815537825180412
57.79999999999998	0.06810467487908058
57.69999999999999	0.06805511102350206
57.599999999999994	0.06800667185655222
57.5	0.06795935021951688
57.400000000000006	0.067913091660624
57.29999999999998	0.0678679284630643
57.19999999999999	0.06782379407630584
57.099999999999994	0.06778072051904445
57.	0.06773864518952245
56.900000000000006	0.06769760537769072
56.79999999999998	0.06765754905158436
56.69999999999999	0.06761844094998198
56.599999999999994	0.06758033748533214
56.5	0.06754317439237098
56.400000000000006	0.06750695434508451
56.29999999999998	0.06747166281289536
56.19999999999999	0.06743726699806787
56.099999999999994	0.06740380184053534
56.	0.06737120841511882
55.900000000000006	0.0673395127826554
55.79999999999998	0.06730866546373726
55.69999999999999	0.06727869941240384
55.599999999999994	0.06724956738178131
55.5	0.06722128835196961
55.400000000000006	0.06719382155753377
55.29999999999998	0.06716718734132475
55.19999999999999	0.06714135115459317
55.099999999999994	0.06711632511593668
55.	0.06709207360819178
54.900000000000006	0.06706862422040881
54.79999999999998	0.06704594449527744
54.69999999999999	0.0670240270552597
54.599999999999994	0.0670028922787411
54.5	0.06698248353722902
54.400000000000006	0.06696282133092234
54.29999999999998	0.0669439090821729
54.19999999999999	0.06692570023408284
54.099999999999994	0.06690822938671627
54.	0.06689147344769851
53.900000000000006	0.06687544004247829
53.79999999999998	0.06686009296185892
53.69999999999999	0.06684544111822499
53.599999999999994	0.06683147711747897
53.5	0.06681819358141686
53.400000000000006	0.06680561009925848
53.29999999999998	0.06679369199447803
53.19999999999999	0.06678242998585758
53.099999999999994	0.06677182627320007
53.	0.06676188631786562
52.900000000000006	0.06675258160719648
52.79999999999998	0.06674394313127165
52.69999999999999	0.06673593637497897
52.599999999999994	0.06672856757312172
52.5	0.06672182564666827
52.400000000000006	0.06671571412457022
52.29999999999998	0.06671022691131913
52.19999999999999	0.06670535595092564
52.099999999999994	0.06670110002331807
52.	0.06669744490005713
51.900000000000006	0.06669441004924441
51.79999999999998	0.06669197242436413
51.69999999999999	0.06669012703393899
51.599999999999994	0.06668887350363753
51.5	0.06668822029937631
51.400000000000006	0.06668815183712622
51.29999999999998	0.06668866352023307
51.19999999999999	0.06668976105885267
51.099999999999994	0.06669142878940733
51.	0.06669368732160445
50.900000000000006	0.0666965054686614
50.79999999999998	0.06669988603324267
50.69999999999999	0.06670384051440928
50.599999999999994	0.0667083556327757
50.5	0.06671343155080296
50.400000000000006	0.06671906162911401
50.29999999999998	0.06672525553305134
50.19999999999999	0.06673199203401242
50.099999999999994	0.06673928260569142
50.	0.06674712222870102
49.900000000000006	0.06675550343759971
49.79999999999998	0.06676442878820513
49.69999999999999	0.06677389753595876
49.599999999999994	0.06678390909497005
49.5	0.06679444736665993
49.400000000000006	0.06680553125907666
49.29999999999998	0.06681714794772946
49.19999999999999	0.06682929062634554
49.099999999999994	0.06684197451441204
49.	0.06685517520657942
48.900000000000006	0.06686889674166654
48.79999999999998	0.06688316880734498
48.69999999999999	0.0668979359041216
48.599999999999994	0.06691323994389074
48.5	0.06692907035218416
48.400000000000006	0.06694540838932378
48.29999999999998	0.06696226941226535
48.19999999999999	0.06697964641206129
48.099999999999994	0.06699754040932747
48.	0.06701596209982305
47.900000000000006	0.06703489237903434
47.79999999999998	0.06705431633132715
47.69999999999999	0.06707427059453198
47.599999999999994	0.06709473621007747
47.5	0.06711570193951946
47.400000000000006	0.06713719896750406
47.29999999999998	0.06715919006531101
47.19999999999999	0.06718168490988906
47.099999999999994	0.06720469377652374
47.	0.06722821343178409
46.900000000000006	0.06725223898768458
46.79999999999998	0.06727677619889731
46.69999999999999	0.06730181680448089
46.599999999999994	0.06732735976893103
46.5	0.06735341247225882
46.39999999999998	0.06737996321829767
46.29999999999998	0.06740701235728438
46.19999999999999	0.06743458735288606
46.099999999999994	0.0674626493882661
46.	0.0674912316467124
45.89999999999998	0.06752029488147442
45.79999999999998	0.06754989786474433
45.69999999999999	0.06757998676562688
45.599999999999994	0.06761058189294668
45.5	0.06764168367025218
45.39999999999998	0.06767327911300872
45.29999999999998	0.06770539693855955
45.19999999999999	0.06773800826202338
45.099999999999994	0.06777114358888114
45.	0.06780476203374557
44.89999999999998	0.06783890720743625
44.79999999999998	0.06787355499832112
44.69999999999999	0.06790871273060359
44.599999999999994	0.06794436733082398
44.5	0.0679805519736481
44.39999999999998	0.06801723407233674
44.29999999999998	0.06805443170490413
44.19999999999999	0.06809212569411618
44.099999999999994	0.06813034685882247
44.	0.06816908639987054
43.89999999999998	0.06820832759398116
43.79999999999998	0.0682480892303542
43.69999999999999	0.0682883646385458
43.599999999999994	0.06832916626794298
43.5	0.06837047446110084
43.39999999999998	0.06841230730669268
43.29999999999998	0.06845465432384212
43.19999999999999	0.0684975302240145
43.099999999999994	0.06854092533394907
43.	0.06858484467131838
42.89999999999998	0.06862928484113895
42.79999999999998	0.06867425456344999
42.69999999999999	0.06871976144713528
42.599999999999994	0.06876578590305864
42.5	0.06881235524506811
42.39999999999998	0.06885944641179845
42.29999999999998	0.06890706517332609
42.19999999999999	0.06895522827836584
42.099999999999994	0.06900392240267433
42.	0.0690531632857845
41.89999999999998	0.06910294253709023
41.79999999999998	0.06915326186960644
41.69999999999999	0.06920412789901419
41.599999999999994	0.06925554242625621
41.5	0.06930749962405536
41.39999999999998	0.06936000962562641
41.29999999999998	0.06941307194588239
41.19999999999999	0.06946668518698296
41.099999999999994	0.06952085340190588
41.	0.06957559603214072
40.89999999999998	0.0696308881274572
40.79999999999998	0.06968673825899703
40.69999999999999	0.06974314874060103
40.599999999999994	0.06980015182508602
40.5	0.06985770678539045
40.39999999999998	0.06991583986480726
40.29999999999998	0.0699745480289032
40.19999999999999	0.0700338267079957
40.099999999999994	0.07009369634114748
40.	0.07015413936542823
39.89999999999998	0.07021517224549448
39.79999999999998	0.07027679679979158
39.69999999999999	0.07033901039181872
39.599999999999994	0.07040181832460918
39.5	0.0704652226491961
39.39999999999998	0.0705292346915102
39.29999999999998	0.0705938344481269
39.19999999999999	0.0706590465143856
39.099999999999994	0.07072486914756146
39.	0.07079131491518917
38.89999999999998	0.07085863239322072
38.79999999999998	0.07092630008017288
38.69999999999999	0.0709943312382011
38.599999999999994	0.07106324496623777
38.5	0.0711328014478386
38.39999999999998	0.07120297678859457
38.29999999999998	0.07127409075458851
38.19999999999999	0.07134555112061786
38.099999999999994	0.07141736796867894
38.	0.07149012048343278
37.89999999999998	0.07156383118242961
37.79999999999998	0.07163789007069285
37.69999999999999	0.07171261422471405
37.599999999999994	0.07178800861889638
37.5	0.07186406628692943
37.39999999999998	0.07194078411224739
37.29999999999998	0.07201818579251384
37.19999999999999	0.0720962794305036
37.099999999999994	0.07217505505013702
37.	0.0722545159689671
36.89999999999998	0.07233467697202954
36.79999999999998	0.0724155225446955
36.69999999999999	0.07249706955324947
36.599999999999994	0.07257935010028516
36.5	0.07266231953008773
36.39999999999998	0.07274601593289347
36.29999999999998	0.07283044275700526
36.19999999999999	0.07291559076441612
36.099999999999994	0.07300107277139796
36.	0.07308808881769745
35.89999999999998	0.07317504200007187
35.79999999999998	0.07326356946038177
35.69999999999999	0.07335243163152591
35.599999999999994	0.07344163263457772
35.5	0.07353202559361287
35.39999999999998	0.07362319089151265
35.29999999999998	0.07371512600060386
35.19999999999999	0.07380785108706614
35.099999999999994	0.07390135971270874
35.	0.07399566776461054
34.89999999999998	0.07409077599962492
34.79999999999998	0.07418670190750311
34.69999999999999	0.0742834274308455
34.599999999999994	0.07438098434939051
34.5	0.0744793719032574
34.39999999999998	0.07457858577173364
34.29999999999998	0.07467864462259237
34.19999999999999	0.0747795558393068
34.099999999999994	0.0748813098284443
34.	0.0749839419400299
33.89999999999998	0.07508743974531962
33.79999999999998	0.07519181010619805
33.69999999999999	0.07529707017122184
33.599999999999994	0.07540322451847307
33.5	0.07551026882681273
33.39999999999998	0.07561822953643357
33.29999999999998	0.07572711177562218
33.19999999999999	0.07583691193377734
33.099999999999994	0.07594764627433466
33.	0.07605931504611962
32.89999999999998	0.07617194078947301
32.79999999999998	0.07628552549993163
32.69999999999999	0.07640007205433744
32.599999999999994	0.07651559759897905
32.5	0.0766321099313794
32.39999999999998	0.07674962583064122
32.29999999999998	0.0768681242677136
32.19999999999999	0.07698764470234866
32.099999999999994	0.07710818801033
32.	0.07722975884063961
31.899999999999977	0.07735238895982836
31.799999999999983	0.07747605824146182
31.69999999999999	0.07760078517526511
31.599999999999994	0.07772660933769057
31.5	0.07785350804922404
31.399999999999977	0.07798149196649995
31.299999999999983	0.07811058998815572
31.19999999999999	0.07824080567947349
31.099999999999994	0.07837215029225146
31.	0.07850463476478156
30.899999999999977	0.07863827591637172
30.799999999999983	0.07877308334526267
30.69999999999999	0.07890905497758582
30.599999999999994	0.07904622958243367
30.5	0.0791845996325194
30.399999999999977	0.079324182370888
30.299999999999983	0.07946498655851014
30.19999999999999	0.07960704815698016
30.099999999999994	0.07975035962132695
30.	0.07989493887019887
29.899999999999977	0.08004080139156984
29.799999999999983	0.08018795311477535
29.69999999999999	0.08033642746569801
29.599999999999994	0.08048622414628216
29.5	0.08063736312638596
29.399999999999977	0.0807898474732253
29.299999999999983	0.08094371914695689
29.19999999999999	0.08109896977121164
29.099999999999994	0.08125562495970887
29.	0.08141370279178028
28.899999999999977	0.08157322091516854
28.799999999999983	0.08173418556473278
28.69999999999999	0.0818966262081791
28.599999999999994	0.08206055803482103
28.5	0.08222598967320031
28.399999999999977	0.08239295608617227
28.299999999999983	0.08256145531497097
28.19999999999999	0.08273153066806932
28.099999999999994	0.0829031905390637
28.	0.08307643505440881
27.899999999999977	0.08325131123786873
27.799999999999983	0.0834278353559265
27.69999999999999	0.08360602088430309
27.599999999999994	0.08378588563085969
27.5	0.08396745902700761
27.399999999999977	0.08415077223844736
27.299999999999983	0.08433582267615607
27.19999999999999	0.08452266634628715
27.099999999999994	0.08471128499245899
27.	0.08490243288004597
26.899999999999977	0.08509471716599618
26.799999999999983	0.0852888759782375
26.69999999999999	0.08548494098236559
26.599999999999994	0.08568291784603208
26.5	0.08588285104999999
26.399999999999977	0.08608474849703676
26.299999999999983	0.08628865800310526
26.19999999999999	0.0864946028509955
26.099999999999994	0.0867026019634294
26.	0.0869127073230726
25.899999999999977	0.08712490871155014
25.799999999999983	0.08733927118611771
25.69999999999999	0.08755581951612929
25.599999999999994	0.08777457709332535
25.5	0.08799557342091917
25.399999999999977	0.08821885726477276
25.299999999999983	0.08844445552146214
25.19999999999999	0.08867240008231558
25.099999999999994	0.0889027307866914
25.	0.08913547862543662
24.899999999999977	0.08937067834483649
24.799999999999983	0.08960838393920477
24.69999999999999	0.08984861853890123
24.599999999999994	0.0900914285710785
24.5	0.09033685073501484
24.399999999999977	0.0905849327447661
24.299999999999983	0.09083570382431307
24.19999999999999	0.0910892224566325
24.099999999999994	0.09134553504803103
24.	0.0916046662225722
23.899999999999977	0.0918666887862964
23.799999999999983	0.09213164128875094
23.69999999999999	0.09239955451271019
23.599999999999994	0.09267050224969531
23.5	0.09294452838383707
23.399999999999977	0.09322168358148399
23.299999999999983	0.09350202955061125
23.19999999999999	0.09378560926082155
23.099999999999994	0.09407248329484434
23.	0.09436271710816985
22.899999999999977	0.09465635826537158
22.799999999999983	0.09495348900069345
22.69999999999999	0.09525415194947172
22.599999999999994	0.09555841933254748
22.5	0.09586635917664942
22.399999999999977	0.0961780315451402
22.299999999999983	0.09649351670562333
22.19999999999999	0.09681287907063206
22.099999999999994	0.09713620027840551
22.	0.09746353933494394
21.899999999999977	0.09779499864783374
21.799999999999983	0.09813063962408428
21.69999999999999	0.0984705549287612
21.599999999999994	0.09881481616520331
21.5	0.09916352497473865
21.399999999999977	0.09951676208470335
21.299999999999983	0.09987462796280622
21.19999999999999	0.10023721265514685
21.099999999999994	0.10060460095803683
21.	0.10097692280318668
20.899999999999977	0.10135425759604366
20.799999999999983	0.10173672360423576
20.69999999999999	0.10212443142546043
20.599999999999994	0.10251748278051667
20.5	0.10291601040690154
20.399999999999977	0.10332013719507045
20.299999999999983	0.10372996676770087
20.19999999999999	0.1041456536796074
20.099999999999994	0.10456730557980079
20.	0.10499506873834602
19.899999999999977	0.10542910706764769
19.799999999999983	0.10586953441586427
19.69999999999999	0.10631653564227467
19.599999999999994	0.10677024493244318
19.5	0.10723083202313193
19.399999999999977	0.10769846211045561
19.299999999999983	0.10817332161029275
19.19999999999999	0.1086555699832461
19.099999999999994	0.10914541915653267
19.	0.10964304470915287
18.899999999999977	0.11014866084308561
18.799999999999983	0.1106624691514874
18.69999999999999	0.11118468631606108
18.599999999999994	0.11171553996837649
18.5	0.11225526765359936
18.399999999999977	0.11280410598024415
18.299999999999983	0.113362311936661
18.19999999999999	0.11393015535737933
18.099999999999994	0.11450789333956965
18.	0.11509583006967754
17.899999999999977	0.11569426116127884
17.799999999999983	0.11630346985714236
17.69999999999999	0.11692382549928011
17.599999999999994	0.11755563727188088
17.5	0.11819926911473469
17.399999999999977	0.11885508076853081
17.299999999999983	0.11952345328814537
17.19999999999999	0.12020480874370837
17.099999999999994	0.12089955665295035
17.	0.1216081531749082
16.899999999999977	0.12233103904423434
16.799999999999983	0.12306873668491332
16.69999999999999	0.1238217310142017
16.599999999999994	0.12459055782955904
16.5	0.12537580160652204
16.399999999999977	0.12617806490723077
16.299999999999983	0.1269979408432024
16.19999999999999	0.12783611256237368
16.099999999999994	0.1286932807415661
16.	0.12957018580418034
15.899999999999977	0.13046760568301535
15.799999999999983	0.13138636313676913
15.699999999999989	0.1323273459450858
15.599999999999994	0.1332914649100527
15.5	0.1342797353916247
15.399999999999977	0.13529316860738747
15.299999999999983	0.1363329123518141
15.199999999999989	0.13740017340775895
15.099999999999994	0.1384961926390861
15.	0.13962235134891118
14.899999999999977	0.1407801060441129
14.799999999999983	0.1419710259813452
14.699999999999989	0.1431967884394477
14.599999999999994	0.14445921208361578
14.5	0.14576024860036882
14.399999999999977	0.1471019964270727
14.299999999999983	0.14848677037916738
14.199999999999989	0.14991704022525373
14.099999999999994	0.15139550184287381
14.	0.15292510208401983
13.899999999999977	0.15450907229711558
13.799999999999983	0.15615094582844313
13.699999999999989	0.15785458967861038
13.599999999999994	0.15962431994760096
13.5	0.16146485126453367
13.399999999999977	0.16338147773336678
13.299999999999983	0.16538008885113345
13.199999999999989	0.1674672906342874
13.099999999999994	0.16965049520969613
13.	0.17193809633290882
12.899999999999977	0.17433970887153966
12.799999999999983	0.1768662671878218
12.699999999999989	0.17953042899280305
12.599999999999994	0.18234688022048245
12.5	0.18533282555248579
12.399999999999977	0.1885086294223656
12.299999999999983	0.19189868198722962
12.199999999999989	0.19553242003150084
12.099999999999994	0.1994461018642787
12.	0.20368495774209594
11.899999999999977	0.2083065867603358
11.799999999999983	0.21338619057667232
11.699999999999989	0.21902457355176927
11.599999999999994	0.22536231920845942
11.5	0.23260449646573425
11.399999999999977	0.24107059847601112
11.299999999999983	0.2513056942711885
11.199999999999989	0.2643855910788831
11.099999999999994	0.28310594885745377
11.	0.3278387782354394
10.899999999999977	0.997008744503143
10.799999999999983	0.9921827362248143
10.699999999999989	0.9936425125922205
10.599999999999994	0.9927302071363003
10.5	0.9937119047114578
10.399999999999977	0.9946580458990315
10.299999999999983	0.994709081537958
10.199999999999989	0.9951402923918594
10.099999999999994	0.9939629597661302
10.	0.9928714663407326
9.899999999999977	0.9945250832293657
9.799999999999983	0.9951729937481532
9.699999999999989	0.9959997335798256
9.599999999999994	0.996070391560364
9.5	0.9961704617351959
9.399999999999977	0.9961346233248645
9.299999999999983	0.993319247423234
9.199999999999989	0.9963081973792365
9.099999999999994	0.9965945750536139
9.	0.9962058695249811
8.899999999999977	0.995080187536407
8.799999999999983	0.9963204246605907
8.699999999999989	0.9952054351479805
8.599999999999994	0.9967259660815542
8.5	0.9966414746105614
8.399999999999977	0.9944412573617605
8.299999999999983	0.9967442262316473
8.199999999999989	0.9972483374652008
8.099999999999994	0.9966490191833427
8.	0.9958339211070925
7.899999999999977	0.9965874240898296
7.799999999999983	0.9970138818770621
7.699999999999989	0.997233042161245
7.599999999999994	0.9970240882487147
7.5	0.9951429937228531
7.399999999999977	0.9971728469604865
7.299999999999983	0.9973241806198498
7.199999999999989	0.9972119368368005
7.099999999999994	0.9974919820989323
7.	0.997219688510399
6.899999999999977	0.9955443875501928
6.799999999999983	0.9972270349803498
6.699999999999989	0.9959784098796048
6.599999999999994	0.9957030482865049
6.5	0.9972932556767821
6.399999999999977	0.9962234472179665
6.299999999999983	0.9968408217677878
6.199999999999989	0.9974076048384481
6.099999999999994	0.9961370634287026
6.	0.9965081864770612
5.899999999999977	0.998053072010846
5.799999999999983	0.9974015705248421
5.699999999999989	0.9968388689181422
5.599999999999994	0.9972144722066149
5.5	0.9964706865498418
5.399999999999977	0.9974458004987163
5.299999999999983	0.9971561792373834
5.199999999999989	0.997478569841103
5.099999999999994	0.9972586577502801
5.	0.9971761598830304
4.899999999999977	0.997819691679126
4.799999999999983	0.9963917740114179
4.699999999999989	0.9976356330660242
4.599999999999994	0.9970812004641891
4.5	0.9976067876535919
4.399999999999977	0.997463010649898
4.299999999999983	0.9970732617531204
4.199999999999989	0.9963667501142988
4.099999999999994	0.9966098334655769
4.	0.9976194214468432
3.8999999999999773	0.9969923521890928
3.799999999999983	0.998574168227863
3.6999999999999886	0.9976739436218249
3.5999999999999943	0.9980563127362932
3.5	0.996992325865625
3.3999999999999773	0.9976704029680118
3.299999999999983	0.9974526844333336
3.1999999999999886	0.9982633444984195
3.0999999999999943	0.9979696265894914
3.	0.9975585600081189
2.8999999999999773	0.9980131553658191
2.799999999999983	0.9975242048420863
2.6999999999999886	0.9983201116414859
2.5999999999999943	0.9979558601924422
2.5	0.9979137782411239
2.3999999999999773	0.9980709950493972
2.299999999999983	0.9984080836722101
2.1999999999999886	0.9982146957936353
2.0999999999999943	0.9983034942748046
2.	0.9983318758685443
1.8999999999999773	0.9983610595224172
1.799999999999983	0.9983758461943211
1.6999999999999886	0.9984069463903826
1.5999999999999943	0.9984946145487288
1.5	0.9985841386942588
1.3999999999999773	0.9986744295822952
1.299999999999983	0.9971928924161878
1.1999999999999886	0.9974898813821569
1.0999999999999943	0.9972739469184221
1.	0.997166577084154