1.	0.9977967760641857
1.1	0.996890514351674
1.2	0.9974866171495205
1.3	0.9977157872532666
1.4	0.9974920767116268
1.5	0.9976340183318333
1.6	0.9979549303628226
1.7000000000000002	0.9978974794970833
1.8	0.9974593510589577
1.9	0.9976370970203533
2.	0.9978010098987561
2.1	0.9980076002353756
2.2	0.9980342594309953
2.3	0.9978097780220362
2.4000000000000004	0.9977754224250243
2.5	0.9976837752532102
2.6	0.9972115702123786
2.7	0.996815006277008
2.8	0.9969415084546678
2.9000000000000004	0.9980074879107218
3.	0.9973429685683826
3.1	0.997436088775628
3.2	0.9980400301742579
3.3000000000000003	0.9967050679262752
3.4000000000000004	0.9968728636495747
3.5	0.9978238163479084
3.6	0.997844024886142
3.7	0.9976258672230094
3.8000000000000003	0.9975531520810441
3.9000000000000004	0.9967104743939773
4.	0.9980304709554962
4.1	0.9981993862610866
4.2	0.9979847413817664
4.300000000000001	0.9981922042538529
4.4	0.9979596218058527
4.5	0.9981525897436379
4.6	0.997974020181057
4.7	0.9980937849327448
4.800000000000001	0.99799610120949
4.9	0.9980329633359414
5.	0.9979923831026621
5.1000000000000005	0.9979770425820439
5.2	0.9979466360080983
5.3	0.9979022636111632
5.4	0.997818135989079
5.5	0.9977710107211487
5.6000000000000005	0.9978097943650384
5.7	0.9977321694494516
5.800000000000001	0.9978113539092167
5.9	0.9976777088759593
6.	0.997922674520151
6.1000000000000005	0.997576602770638
6.2	0.9973682173731246
6.300000000000001	0.998044763355906
6.4	0.9975879804362482
6.5	0.9966984770752393
6.6000000000000005	0.9970465972492117
6.7	0.9978125662957043
6.800000000000001	0.9974199497658215
6.9	0.997465748137277
7.	0.997118208933788
7.1000000000000005	0.9974803184461979
7.2	0.9966475435909705
7.300000000000001	0.9976830332410304
7.4	0.9974141313353503
7.5	0.9967501054044748
7.6000000000000005	0.9981460784884443
7.7	0.9971733467419097
7.800000000000001	0.9973421012254035
7.9	0.996670099640471
8.	0.9980572884610811
8.100000000000001	0.9970427711448313
8.2	0.9980512621117061
8.3	0.9969719536688151
8.4	0.9965182247950115
8.5	0.9980985794109752
8.600000000000001	0.996881066615308
8.7	0.996586457084611
8.8	0.9974761148307765
8.9	0.9971600879825941
9.	0.9960655901806927
9.1	0.9964937472449508
9.200000000000001	0.9973462350213067
9.3	0.9977325274361497
9.4	0.9965535773727474
9.5	0.9967026097041255
9.6	0.9960223625513581
9.700000000000001	0.9972851778176195
9.8	0.9976410626077405
9.9	0.9964449626861943
10.	0.9965852042925641
10.1	0.9957182833145604
10.200000000000001	0.9961191706799192
10.3	0.9973204579969043
10.4	0.9971173150488599
10.5	0.9968602930415437
10.600000000000001	0.9970169344707404
10.700000000000001	0.9968129157083961
10.8	0.9969500764668944
10.9	0.9967650804580125
11.	0.9968802613943578
11.100000000000001	0.996715728038881
11.200000000000001	0.9968079514264993
11.3	0.9966639002609938
11.4	0.9967335563486311
11.5	0.9966086070854645
11.600000000000001	0.9966575087853216
11.700000000000001	0.9965495583526165
11.8	0.9965793342340733
11.9	0.9964863749174722
12.	0.996499209724437
12.100000000000001	0.9964182789642688
12.200000000000001	0.9964171313658622
12.3	0.9963455256407149
12.4	0.9963323937433872
12.5	0.9962673741436731
12.600000000000001	0.9962446522258295
12.700000000000001	0.9961841569230969
12.8	0.996152998719886
12.9	0.9960955642783954
13.	0.9960573271725569
13.100000000000001	0.9960011115341066
13.200000000000001	0.9959567874795981
13.3	0.9959001536543673
13.4	0.9958509726386638
13.5	0.9957927382571561
13.600000000000001	0.9957386411698007
13.700000000000001	0.995678177743239
13.8	0.9956194094809159
13.9	0.9955558359369321
14.	0.9954921737393192
14.100000000000001	0.9954236578234403
14.200000000000001	0.9953919558690142
14.3	0.9952569555145523
14.4	0.9956438227146612
14.5	0.9951748340914541
14.600000000000001	0.9953568341021733
14.700000000000001	0.9950128571225717
14.8	0.9954923004476975
14.9	0.9948845297187027
15.	0.9953972057469798
15.100000000000001	0.9946997937813288
15.200000000000001	0.9956388920090261
15.3	0.9944357864224463
15.4	0.9955577447043541
15.5	0.9941776413024778
15.600000000000001	0.9950416633302824
15.700000000000001	0.9939346825229084
15.8	0.9950488015824234
15.9	0.9935737953091242
16.	0.9908045853159406
16.1	0.9924461561773589
16.200000000000003	0.9898397912024207
16.3	0.9941746115357455
16.4	0.9930658984324992
16.5	0.9892119249017616
16.6	0.9926314614117021
16.700000000000003	0.9915949969491039
16.8	0.9929068788377905
16.9	0.9924186882900535
17.	0.9894549449710716
17.1	0.9916411130949412
17.2	0.9904613348458301
17.3	0.9915905972677724
17.400000000000002	0.9877433180949363
17.5	0.9906871367821684
17.6	0.9851056867884144
17.7	0.9854192092661382
17.8	0.7817098066815968
17.900000000000002	0.6577810391433216
18.	0.5973607727581821
18.1	0.5571833592726966
18.2	0.5271648961975652
18.3	0.5032745259317916
18.400000000000002	0.48348258731249716
18.5	0.46662348801108383
18.6	0.4519664124064067
18.7	0.43902224044120786
18.8	0.42744854487922107
18.900000000000002	0.41699559868362335
19.	0.40747577065221574
19.1	0.39874294577944097
19.2	0.39068758316406105
19.3	0.38321672079414526
19.400000000000002	0.37625646146396136
19.5	0.3697461577302655
19.6	0.36363523728759173
19.7	0.3578808818245352
19.8	0.3524471589185892
19.900000000000002	0.34730275321070575
20.	0.3424211168870035
20.1	0.3377787715878254
20.200000000000003	0.3333555121846675
20.3	0.3291334065062241
20.400000000000002	0.3250965953873706
20.5	0.32123102512935814
20.6	0.317524181812243
20.700000000000003	0.3139647866233121
20.8	0.31054282948557665
20.900000000000002	0.3072491476998541
21.	0.30407546435887617
21.1	0.30101429144124603
21.200000000000003	0.2980587879183621
21.3	0.2952028059580746
21.400000000000002	0.29244051529536336
21.5	0.2897667416965877
21.6	0.28717661642199893
21.700000000000003	0.28466573887999325
21.8	0.28223000295756173
21.900000000000002	0.2798655474785683
22.	0.27756887337235336
22.1	0.2753367113897917
22.200000000000003	0.2731659738329829
22.3	0.2710538228914316
22.400000000000002	0.2689976666908148
22.5	0.2669949483127728
22.6	0.2650432892561501
22.700000000000003	0.26314062464233856
22.8	0.2612848280338438
22.900000000000002	0.25947402506568495
23.	0.25770636472610436
23.1	0.2559801357987561
23.200000000000003	0.25429374936298893
23.3	0.25264565590871946
23.400000000000002	0.2510344164044885
23.5	0.24945871472637757
23.6	0.247917219566943
23.700000000000003	0.24640868956992584
23.8	0.2449320412353244
23.900000000000002	0.24348605501411202
24.	0.24206980889072713
24.1	0.24068220946297214
24.200000000000003	0.23932237719118096
24.3	0.237989373995085
24.400000000000002	0.23668235264695187
24.5	0.23540043236773578
24.6	0.23414292064951917
24.700000000000003	0.23290904298030782
24.8	0.23169803227034924
24.900000000000002	0.23050921420773401
25.	0.22934200917143008
25.1	0.2281956779479906
25.200000000000003	0.22706968848621284
25.3	0.22596346178479992
25.400000000000002	0.22487643670970264
25.5	0.22380804051392855
25.6	0.22275783422273718
25.700000000000003	0.22172529403416047
25.8	0.22070989702957128
25.900000000000002	0.21971127573188431
26.	0.21872894249112765
26.1	0.21776249370319678
26.200000000000003	0.21681151847466987
26.3	0.2158756203773743
26.400000000000002	0.2149544381042654
26.5	0.21404764083253758
26.6	0.21315481927505295
26.700000000000003	0.2122756286135927
26.8	0.21140979912341593
26.900000000000002	0.21055697921901545
27.	0.20971690367972304
27.1	0.20888922457033648
27.200000000000003	0.2080736907885106
27.3	0.20727004238968408
27.400000000000002	0.20647798819500326
27.5	0.20569726575384445
27.6	0.20492765216663217
27.700000000000003	0.2041688853097409
27.8	0.20342074671970625
27.900000000000002	0.20268297990165157
28.	0.20195539563651863
28.1	0.20123778866254166
28.200000000000003	0.20052994475158883
28.3	0.1998316331935948
28.400000000000002	0.19914270684751043
28.5	0.19846293329637926
28.6	0.19779216485927606
28.700000000000003	0.19713021672681902
28.8	0.19647688528003193
28.900000000000002	0.1958320373427077
29.	0.1951955063822189
29.1	0.1945671202941989
29.200000000000003	0.19394674510349233
29.3	0.19333423559467683
29.400000000000002	0.19272938558341052
29.5	0.19213211009187908
29.6	0.1915422719859723
29.700000000000003	0.1909596999394481
29.8	0.1903843055239825
29.900000000000002	0.18981593188543708
30.	0.18925446145859434
30.1	0.18869981738835487
30.200000000000003	0.1881518079256131
30.3	0.18761035561264405
30.400000000000002	0.18707535116641877
30.5	0.18654670205126134
30.6	0.18602424010587268
30.700000000000003	0.18550792974120653
30.8	0.18499762069212264
30.900000000000002	0.184493248758362
31.	0.18399469135519458
31.1	0.18350188067244025
31.200000000000003	0.18301471728855473
31.3	0.18253308599458326
31.400000000000002	0.1820569369435954
31.5	0.18158617002280653
31.6	0.18112070620784948
31.700000000000003	0.18066041892500126
31.8	0.18020531296436162
31.900000000000002	0.1797552422929724
32.	0.1793101517481272
32.1	0.17886997813784955
32.2	0.17843465639157927
32.3	0.17800406229733037
32.400000000000006	0.17757819145065287
32.5	0.17715692312954362
32.6	0.17674023013573506
32.7	0.17632805076469707
32.8	0.1759202736943264
32.900000000000006	0.1755168814062309
33.	0.17511778278165066
33.1	0.1747229857396993
33.2	0.17433231279948494
33.300000000000004	0.1739458055701173
33.4	0.17356337165832633
33.5	0.1731849618990711
33.6	0.17281051154611723
33.7	0.17244001834714323
33.800000000000004	0.17207336970467618
33.9	0.17171052210213164
34.	0.17135145916756
34.1	0.17099610638600593
34.2	0.17064444170157955
34.300000000000004	0.1702963826761947
34.4	0.16995190619758976
34.5	0.169610970374938
34.6	0.169273533797011
34.7	0.1689395486952523
34.800000000000004	0.16860896508278606
34.9	0.16828173317258457
35.	0.16795783429513916
35.1	0.16763723849959866
35.2	0.16731985841957225
35.300000000000004	0.1670057111143036
35.4	0.16669472837087299
35.5	0.1663868808342432
35.6	0.16608215536301466
35.7	0.1657804642275395
35.800000000000004	0.16548179987490702
35.9	0.1651861540748918
36.	0.1648934658132712
36.1	0.164603690130586
36.2	0.16431683659972768
36.300000000000004	0.1640328345049524
36.4	0.16375168375201235
36.5	0.16347333244576082
36.6	0.16319775303659653
36.7	0.1629249085139755
36.800000000000004	0.16265483069683911
36.9	0.16238737061589606
37.	0.16212261394947583
37.1	0.16186048253354487
37.2	0.16160096594414136
37.300000000000004	0.1613440466307239
37.4	0.1610896601451858
37.5	0.16083779942747392
37.6	0.1605884779707305
37.7	0.1603416008080245
37.800000000000004	0.1600972144502185
37.9	0.159855251789138
38.	0.15961571745918526
38.1	0.1593785336160658
38.2	0.15914375676831524
38.300000000000004	0.15891130513816357
38.4	0.15868119922436677
38.5	0.15845335910418543
38.6	0.15822781916349304
38.7	0.15800454364239305
38.800000000000004	0.15778351880541558
38.9	0.1575647075660333
39.	0.1573480982599951
39.1	0.1571336779404571
39.2	0.1569214300369505
39.300000000000004	0.15671131012899203
39.400000000000006	0.1565033543676689
39.5	0.15629746844125633
39.6	0.1560937176166989
39.7	0.15589200836175005
39.800000000000004	0.15569237988220974
39.900000000000006	0.15549479096581187
40.	0.15529923796699024
40.1	0.1551057042337976
40.2	0.1549141606442173
40.300000000000004	0.15472460109013966
40.400000000000006	0.15453699016089698
40.5	0.15435136997986534
40.6	0.154167635173071
40.7	0.15398586748467333
40.800000000000004	0.15380600058012162
40.900000000000006	0.15362802537387624
41.	0.15345194335849857
41.1	0.15327769494117485
41.2	0.15310534850993116
41.300000000000004	0.15293481773410061
41.400000000000006	0.15276613386979104
41.5	0.15259925785972775
41.6	0.15243419977809228
41.7	0.15227093595594957
41.800000000000004	0.15210944869294812
41.900000000000006	0.1519497377940588
42.	0.1517917937264939
42.1	0.15163556561250272
42.2	0.15148112727212182
42.300000000000004	0.1513283911621005
42.400000000000006	0.1511773779788252
42.5	0.15102807900930496
42.6	0.150880465069003
42.7	0.1507345760880945
42.800000000000004	0.15059032065294142
42.900000000000006	0.15044777222444264
43.	0.15030686257061654
43.1	0.15016760021682168
43.2	0.15003000101981792
43.300000000000004	0.1498940374247079
43.400000000000006	0.14975970149529103
43.5	0.149626960679365
43.6	0.14949585465951354
43.7	0.1493663561423412
43.800000000000004	0.14923844081011192
43.900000000000006	0.14911208719974195
44.	0.14898734152342435
44.1	0.14886419309891608
44.2	0.1487425583715169
44.300000000000004	0.14862251672547178
44.400000000000006	0.14850401547178646
44.5	0.14838703519155566
44.6	0.1482716250930888
44.7	0.14815773297876608
44.800000000000004	0.14804537756473596
44.900000000000006	0.14793453463700398
45.	0.14782524295383284
45.1	0.14771743165435655
45.2	0.14761110557541693
45.300000000000004	0.14750628300500435
45.400000000000006	0.14740299278386998
45.5	0.14730115336524635
45.6	0.14720079778416986
45.7	0.14710195561216385
45.800000000000004	0.14700456719993155
45.900000000000006	0.14690861993666465
46.	0.1468141933266036
46.1	0.1467212069142996
46.2	0.14662967340966904
46.300000000000004	0.1465395995596765
46.400000000000006	0.14645094604915077
46.5	0.14636378548787202
46.6	0.14627805591628773
46.7	0.1461937389811701
46.800000000000004	0.14611087354776192
46.900000000000006	0.14602946788806678
47.	0.14594947100290243
47.1	0.14587089968433856
47.2	0.1457937861996896
47.300000000000004	0.14571805744025795
47.400000000000006	0.14564375011121627
47.5	0.14557088367765977
47.6	0.14549943751569486
47.7	0.14542939481215672
47.800000000000004	0.14536077703053796
47.900000000000006	0.1452935497994404
48.	0.1452277541117505
48.1	0.14516336844818686
48.2	0.14510036134860846
48.300000000000004	0.14503880500366778
48.400000000000006	0.14497863444033962
48.5	0.14491985255888898
48.6	0.14486250826552607
48.7	0.14480655451607177
48.800000000000004	0.1447520042519839
48.900000000000006	0.14469885595100374
49.	0.14464711516125525
49.1	0.14459679822787366
49.2	0.14454785823882876
49.300000000000004	0.14450032572969368
49.400000000000006	0.1444542125458048
49.5	0.14440949365901737
49.6	0.14436619632388079
49.7	0.14432430036861807
49.800000000000004	0.14428379542538158
49.900000000000006	0.14424473508391183
50.	0.14420705493531982
50.1	0.1441708339164658
50.2	0.14413598969657349
50.300000000000004	0.14410257577199465
50.400000000000006	0.14407056417909028
50.5	0.1440399896570706
50.6	0.14401084869766542
50.7	0.14398310717541382
50.800000000000004	0.14395682692509512
50.900000000000006	0.1439319473344323
51.	0.14390850111597078
51.1	0.14388652607396718
51.2	0.1438659885081455
51.300000000000004	0.14384687108591507
51.400000000000006	0.14382921871730325
51.5	0.14381303841978788
51.6	0.14379826656418354
51.7	0.14378497199585727
51.800000000000004	0.14377316380748018
51.900000000000006	0.14376281573369568
52.	0.1437539101983905
52.1	0.1437465167894654
52.2	0.1437406262822192
52.300000000000004	0.14373619082828118
52.400000000000006	0.14373326193194225
52.5	0.1437318074798934
52.6	0.1437319082846802
52.7	0.1437334689202865
52.800000000000004	0.14373657196949172
52.900000000000006	0.1437411937382097
53.	0.1437473819951898
53.1	0.14375507645190524
53.2	0.14376431591324432
53.300000000000004	0.1437751101766044
53.400000000000006	0.14378746825220912
53.5	0.14380137050321515
53.6	0.14381686450812733
53.7	0.14383394828450635
53.800000000000004	0.14385262072720242
53.900000000000006	0.14387291034913363
54.	0.1438947774576505
54.1	0.1439182800818219
54.2	0.1439433874347682
54.300000000000004	0.14397015137048208
54.400000000000006	0.1439985567297629
54.5	0.14402864081066385
54.6	0.14406036992515597
54.7	0.1440937859136816
54.800000000000004	0.14412887607684205
54.900000000000006	0.14416566649539855
55.	0.144204183938129
55.1	0.14424439862759592
55.2	0.14428637198627747
55.300000000000004	0.14433008362894528
55.400000000000006	0.14437553508637846
55.5	0.1444228033569255
55.6	0.1444718114111266
55.7	0.14452265767714398
55.800000000000004	0.1445753022762642
55.900000000000006	0.14462975352058324
56.	0.14468606814534862
56.1	0.14474424643538805
56.2	0.14480425673063693
56.300000000000004	0.14486619215726587
56.400000000000006	0.14493003009628375
56.5	0.14499577818543283
56.6	0.1450634678765886
56.7	0.14513308943989175
56.800000000000004	0.14520469834961475
56.900000000000006	0.14527830656465335
57.	0.1453538993262034
57.1	0.14543152244648616
57.2	0.1455112295405032
57.300000000000004	0.14559295884882334
57.400000000000006	0.14567677499269563
57.5	0.14576274025799366
57.6	0.14585077878236666
57.7	0.1459410007084926
57.800000000000004	0.14603335691224542
57.900000000000006	0.14612798765428456
58.	0.14622476665028009
58.1	0.14632381109819903
58.2	0.14642510685384574
58.300000000000004	0.14652870760221212
58.400000000000006	0.14663462653604784
58.5	0.14674286804252326
58.6	0.14685347745251065
58.7	0.14696653081478236
58.800000000000004	0.14708195407950464
58.900000000000006	0.14719985007063582
59.	0.14732026480918636
59.1	0.1474431549717295
59.2	0.14756858107160561
59.300000000000004	0.14769661936805226
59.400000000000006	0.14782724580620174
59.5	0.14796053926847896
59.6	0.14809651001705026
59.7	0.14823517590087879
59.800000000000004	0.14837657766831427
59.900000000000006	0.14852074257083403
60.	0.14866773622827778
60.1	0.1488176240122357
60.2	0.14897043522031753
60.300000000000004	0.1491261509966261
60.400000000000006	0.14928486597239932
60.5	0.14944659005284794
60.6	0.14961136453964963
60.7	0.14977932062929933
60.800000000000004	0.1499503898789219
60.900000000000006	0.15012466233790284
61.	0.1503021847669757
61.1	0.15048304728827233
61.2	0.1506672034583897
61.300000000000004	0.15085487380401566
61.400000000000006	0.15104593447191378
61.5	0.1512405714875677
61.6	0.15143872242372092
61.7	0.1516405290874425
61.800000000000004	0.15184604820366746
61.900000000000006	0.1520553378643775
62.	0.15226840754831358
62.1	0.15248540334189722
62.2	0.15270631325324827
62.300000000000004	0.15293134482534676
62.400000000000006	0.15316037719665346
62.5	0.15339358822943192
62.6	0.15363101899028433
62.7	0.15387283908614266
62.800000000000004	0.15411899191514583
62.900000000000006	0.1543696825487022
63.	0.15462491040314477
63.1	0.15488481344222507
63.2	0.1551494393918303
63.300000000000004	0.1554189227972011
63.400000000000006	0.15569330917712734
63.5	0.15597277308298516
63.6	0.15625731060966735
63.7	0.15654709294514396
63.800000000000004	0.15684226844474955
63.900000000000006	0.15714285380636878
64.	0.1574490169191164
64.1	0.15776090431994216
64.2	0.15807853908899583
64.30000000000001	0.1584021694717663
64.4	0.158731852436949
64.5	0.1590677458092678
64.6	0.1594099488699072
64.7	0.1597587216389554
64.80000000000001	0.16011402158362856
64.9	0.16047611553873747
65.	0.16084523427028558
65.10000000000001	0.16122144481409825
65.2	0.1616049066402801
65.3	0.16199593116236477
65.4	0.16239447046039798
65.5	0.16280094438201306
65.60000000000001	0.16321542436680453
65.7	0.16363810016862088
65.8	0.16406927560202397
65.9	0.1645091230858462
66.	0.16495792278301682
66.10000000000001	0.16541578868097961
66.2	0.16588310105817655
66.3	0.1663600182858251
66.4	0.16684688940170206
66.5	0.16734393492015007
66.60000000000001	0.16785145214203173
66.7	0.16836976586425348
66.8	0.16889921092830149
66.9	0.16943998976207258
67.	0.1699925909219714
67.10000000000001	0.17055731523288561
67.2	0.17113444962077076
67.3	0.17172459241260776
67.4	0.17232800528911796
67.5	0.17294503148139234
67.60000000000001	0.1735762888777447
67.7	0.17422218903977868
67.8	0.1748830643055336
67.9	0.1755595570731369
68.	0.1762522595196376
68.10000000000001	0.17696159029255404
68.2	0.1776882505602907
68.3	0.17843269493895067
68.4	0.17919563788604934
68.5	0.17997781732362952
68.60000000000001	0.18077993714675777
68.7	0.1816025259325977
68.8	0.18244670880678018
68.9	0.1833130921849669
69.	0.1842024528552902
69.10000000000001	0.18511596885233866
69.2	0.1860544102364611
69.3	0.1870188005990015
69.4	0.1880102381056881
69.5	0.1890299198858212
69.60000000000001	0.19007896314348197
69.7	0.19115851926844796
69.8	0.19227016344258555
69.9	0.19341515356441707
70.	0.19459499452356444
70.10000000000001	0.19581124113136208
70.2	0.19706574361588808
70.3	0.1983601509680992
70.4	0.19969625111949174
70.5	0.2010761502172116
70.60000000000001	0.2025020870037494
70.7	0.2039761084689059
70.8	0.20550088909584227
70.9	0.207078827792765
71.	0.20871258130500944
71.10000000000001	0.2104051492024955
71.2	0.21215956706942374
71.3	0.21397912293943924
71.4	0.21586739405383454
71.5	0.21782803212182994
71.60000000000001	0.21986496813720005
71.7	0.22198267780367006
71.8	0.22418523811393834
71.9	0.22647774151788203
72.	0.2288648573887462
72.10000000000001	0.23135233807082695
72.2	0.23394582108106457
72.3	0.2366510089649156
72.4	0.23947468462378133
72.5	0.24242349286989043
72.60000000000001	0.245504232440005
72.7	0.24872449854130788
72.8	0.2520919720618154
72.9	0.25561455396917326
73.	0.2593011356673628
73.10000000000001	0.2631599865260305
73.2	0.2671998063570373
73.3	0.2714307229147336
73.4	0.2758607957247111
73.5	0.2805003863518548
73.60000000000001	0.28535862538566076
73.7	0.2904451394407257
73.8	0.2957698226562263
73.9	0.30134141989505125
74.	0.3071697807079836
74.10000000000001	0.31326403663124963
74.2	0.3196330375197724
74.3	0.32628683998744384
74.4	0.3332336986204145
74.5	0.34048300732679376
74.60000000000001	0.34804442705057964
74.7	0.35592794292107666
74.8	0.3641435021693718
74.9	0.37270338053673974
75.	0.38161993102135416
75.10000000000001	0.3909077475352672
75.2	0.40058208002918694
75.3	0.4106626169467341
75.4	0.4211701817960704
75.5	0.43213051398384933
75.60000000000001	0.4435730440012545
75.7	0.45553254776773494
75.8	0.4680499913658609
75.9	0.4811752229036491
76.	0.4949670340873741
76.10000000000001	0.5094960767917116
76.2	0.5248507815767154
76.3	0.5411367677820491
76.4	0.5584904186700514
76.5	0.5770832141950998
76.60000000000001	0.5971403044190446
76.7	0.6189630904025786
76.8	0.6429708558803954
76.9	0.6697724793501537
77.	0.7003216284901839
77.10000000000001	0.7362497044361745
77.2	0.7807954219043594
77.3	0.842658967245008
77.4	0.9999662726531933
77.5	0.9990170454096152
77.60000000000001	0.9996859438899764
77.7	0.9983301568857861
77.80000000000001	0.9989708284954167
77.9	0.9994259244636419
78.	0.9989163315362316
78.10000000000001	0.9989515442493843
78.2	0.9989130767865292
78.30000000000001	0.9985704801173793
78.4	0.9985044521279205
78.5	0.9984618067685735
78.60000000000001	0.9985851584324718
78.7	0.9989436119076893
78.80000000000001	0.9989361385426673
78.9	0.9994084151581148
79.	0.9993224254953317
79.10000000000001	0.9993194456781982
79.2	0.9989222143660414
79.30000000000001	0.9985893349185476
79.4	0.9994097750702193
79.5	0.9991567240421118
79.60000000000001	0.9990511034808431
79.7	0.9990262401006583
79.80000000000001	0.9989991252378531
79.9	0.9989691798597966
80.	0.9990111652022021
80.10000000000001	0.9990520413388105
80.2	0.9990900081931346
80.30000000000001	0.9991261027519746
80.4	0.9991601865068814
80.5	0.9991912175062304
80.60000000000001	0.9992195124931544
80.7	0.999246180480028
80.80000000000001	0.9993377107098047
80.9	0.9990500313750789
81.	0.9991162176557808
81.10000000000001	0.9991484487761683
81.2	0.9991309384297381
81.30000000000001	0.9990187771674022
81.4	0.9990696746680797
81.5	0.9992780678752792
81.60000000000001	0.9992968032473389
81.7	0.9993021380221043
81.80000000000001	0.9992875994782244
81.9	0.9983566571506985
82.	0.9987976851641694
82.10000000000001	0.9987943576277208
82.2	0.998819531953904
82.30000000000001	0.9988421997065705
82.4	0.9988639665915964
82.5	0.9988852535586958
82.60000000000001	0.9989060217532607
82.7	0.9989260442845435
82.80000000000001	0.9989454910195091
82.9	0.9989642536032677
83.	0.9989826591998505
83.10000000000001	0.999000430120813
83.2	0.9990177035730948
83.30000000000001	0.9990344167343717
83.4	0.9990504834465055
83.5	0.9990663237769044
83.60000000000001	0.9990816849360359
83.7	0.9990964122460853
83.80000000000001	0.9991108404555089
83.9	0.9991249413624105
84.	0.9991386378911152
84.10000000000001	0.9991519405512923
84.2	0.9991647926318686
84.30000000000001	0.9991773840321464
84.4	0.9991896202310732
84.5	0.999201601392148
84.60000000000001	0.9992130669810931
84.7	0.9992243790731217
84.80000000000001	0.9992354253170511
84.9	0.9992460406691978
85.	0.9992565778822101
85.10000000000001	0.9992667474406703
85.2	0.9992766574782572
85.30000000000001	0.9992863099886614
85.4	0.9992957204265716
85.5	0.999304865385591
85.60000000000001	0.9993137741830312
85.7	0.9993226431405773
85.80000000000001	0.9993312224212041
85.9	0.999339595149891
86.	0.9993477104172951
86.10000000000001	0.9993557813488577
86.2	0.9993635568576781
86.30000000000001	0.9993712033020695
86.4	0.9993786112370833
86.5	0.9993859372950589
86.60000000000001	0.999393136490414
86.7	0.9994000996638416
86.80000000000001	0.9994068324818881
86.9	0.9994135907521315
87.	0.9994201395763423
87.10000000000001	0.999426539241089
87.2	0.9991052763291255
87.30000000000001	0.9991332702512088
87.4	0.9991461457718543
87.5	0.999160102579416
87.60000000000001	0.9991735325993428
87.7	0.9991866334348312
87.80000000000001	0.9991991797434309
87.9	0.9992116375245647
88.	0.9992235333147432
88.10000000000001	0.9992351225592945
88.2	0.9992464076278694
88.30000000000001	0.99925739491291
88.4	0.9992681085772753
88.5	0.9992785025996617
88.60000000000001	0.9992887116451578
88.7	0.9992985146779698
88.80000000000001	0.9993080726211147
88.9	0.9993174560533633
89.	0.999326486607437
89.10000000000001	0.9993354365495114
89.2	0.9993440903798962
89.30000000000001	0.9993526091435986
89.4	0.9993608986260925
89.5	0.9993690299677486
89.60000000000001	0.9993765543624286
89.7	0.9993837636481266
89.80000000000001	0.9993908991086037
89.9	0.9993978004426641
90.	0.9994045929791529
90.10000000000001	0.9994111817632044
90.2	0.999417608361678
90.30000000000001	0.9994239267579746
90.4	0.999430037843987
90.5	0.9994360615727141
90.60000000000001	0.999444030884218
90.7	0.999469645529219
90.80000000000001	0.9994877773140916
90.9	0.9995057734636463
91.	0.999520554250879
91.10000000000001	0.9992444050506473
91.2	0.9992623186934764
91.30000000000001	0.9992677471775258
91.4	0.9992736561729751
91.5	0.9992788520759435
91.60000000000001	0.9992839346893889
91.7	0.999288911383141
91.80000000000001	0.9992939391466757
91.9	0.9992989255888298
92.	0.9993038389457767
92.10000000000001	0.9993086171114351
92.2	0.9993135417574193
92.30000000000001	0.9993183157048231
92.4	0.9993230102021188
92.5	0.9993277394564777
92.60000000000001	0.9993323353511059
92.7	0.9993369523318807
92.80000000000001	0.9993414780766603
92.9	0.9993459570181948
93.	0.9993503995707095
93.10000000000001	0.9993548208992693
93.2	0.999359225743107
93.30000000000001	0.9993635024455038
93.4	0.9993677923384272
93.5	0.9993720049707435
93.60000000000001	0.999376193619765
93.7	0.9993802989993896
93.80000000000001	0.9993843978968139
93.9	0.9993885067089461
94.	0.9993924533522899
94.10000000000001	0.9993964388197076
94.2	0.9994004136247251
94.30000000000001	0.9994043301621456
94.4	0.9994081224473693
94.5	0.9994119889813972
94.60000000000001	0.9994157299037599
94.7	0.9994194375766434
94.80000000000001	0.9994231803639227
94.9	0.9994268228738359
95.	0.9994303788121981
95.10000000000001	0.9994340442984272
95.2	0.9994375686730126
95.30000000000001	0.9994410841816047
95.4	0.9994445391909975
95.5	0.9994479682890081
95.60000000000001	0.9994513831525307
95.7	0.9994547727795953
95.80000000000001	0.9994580688442637
95.9	0.9994613961014087
96.	0.9994646317633828
96.10000000000001	0.9994678765413837
96.2	0.9994710352438938
96.30000000000001	0.9994742481079255
96.4	0.9994773859451654
96.5	0.9991802777256884
96.60000000000001	0.9994908002220949
96.7	0.9994864280799269
96.80000000000001	0.9994896156356335
96.9	0.9994925769622037
97.	0.9994955137785554
97.10000000000001	0.9992086890267673
97.2	0.9992238894217549
97.30000000000001	0.999510627578233
97.4	0.9992219766069224
97.5	0.9992369112343409
97.60000000000001	0.9992407998602476
97.7	0.9992450410015146
97.80000000000001	0.999249218891449
97.9	0.9992533460737707
98.	0.9992574950895523
98.10000000000001	0.9992615075803305
98.2	0.9992656024571048
98.30000000000001	0.9992695607878727
98.4	0.9992734821692023
98.5	0.999277400216154
98.60000000000001	0.9992812472025275
98.7	0.9992851260962969
98.80000000000001	0.9992889108305255
98.9	0.9992926996587043
99.	0.9992963989741719
99.10000000000001	0.9993001289029579
99.2	0.9993037899227636
99.30000000000001	0.9993074381010377
99.4	0.9993110106761017
99.5	0.9993145555976759
99.60000000000001	0.9993180969726506
99.7	0.9993216011556809
99.80000000000001	0.9993250836468153
99.9	0.9993285212734235
100.	0.9993319115060185
100.10000000000001	0.9993353127536906
100.2	0.9993386348353711
100.30000000000001	0.999341984968629
100.4	0.9993452454348696
100.5	0.9993484803464993
100.60000000000001	0.9993517672663758
100.7	0.9993549339097896
100.80000000000001	0.9993580875245593
100.9	0.9993613022458591
101.	0.9993644081072749
101.10000000000001	0.9993674835489508
101.2	0.9993705635556881
101.30000000000001	0.9993735983739006
101.4	0.999376628474318
101.5	0.9993795828032386
101.60000000000001	0.9993825575961622
101.7	0.9993855138771442
101.80000000000001	0.9993884113835818
101.9	0.9993913001146388
102.	0.9993941720580616
102.10000000000001	0.9993970220835758
102.2	0.999399843704555
102.30000000000001	0.9994026218566705
102.4	0.9994053802588492
102.5	0.9994081109423025
102.60000000000001	0.9994108574044532
102.7	0.9994135575447893
102.80000000000001	0.999416238016812
102.9	0.9994189073453711
103.	0.9994215342887168
103.10000000000001	0.999424158595687
103.2	0.9994267580768809
103.30000000000001	0.9994293430989631
103.4	0.9994318860008599
103.5	0.9994344109940361
103.60000000000001	0.9994369165815427
103.7	0.9994394097714858
103.80000000000001	0.9994418703313588
103.9	0.9994443322464223
104.	0.9994468129613795
104.10000000000001	0.999449228131816
104.2	0.9994515896696041
104.30000000000001	0.9994539600386015
104.4	0.999456327593413
104.5	0.999458687789768
104.60000000000001	0.9994609952143592
104.7	0.9994633093680864
104.80000000000001	0.9994655770340408
104.9	0.9994678706811041
105.	0.9994701148541932
105.10000000000001	0.999472338005722
105.2	0.9994745668530618
105.30000000000001	0.9994767679452279
105.4	0.9994789865133794
105.5	0.999481126663354
105.60000000000001	0.9994832955706736
105.7	0.9994854442372372
105.80000000000001	0.9994875305456233
105.9	0.9994896585005631
106.	0.9994917294645732
106.10000000000001	0.999493820313734
106.2	0.9994958872521111
106.30000000000001	0.9994979197493669
106.4	0.9994999480879861
106.5	0.9995019544002138
106.60000000000001	0.9995039765459862
106.7	0.9995059426560526
106.80000000000001	0.9995079176992413
106.9	0.9995098840684485
107.	0.9995118478527744
107.10000000000001	0.9995137607247283
107.2	0.9995156646062135
107.30000000000001	0.9995175598966793
107.4	0.9995194626993152
107.5	0.9995213144188538
107.60000000000001	0.9995231888939422
107.7	0.999525005444117
107.80000000000001	0.9995268688576363
107.9	0.999528723570949
108.	0.9995305270033404
108.10000000000001	0.9995323220144631
108.2	0.999534099473778
108.30000000000001	0.9995358590219043
108.4	0.9995376219142176
108.5	0.9995393948562804
108.60000000000001	0.999541113250136
108.7	0.9995428305796271
108.80000000000001	0.9995445604047387
108.9	0.9995462556363824
109.	0.9995479567592397
109.10000000000001	0.9995496294048585
109.2	0.9995512814085119
109.30000000000001	0.9995529445480449
109.4	0.9995546060565658
109.5	0.9995562062604506
109.60000000000001	0.9995578421598943
109.7	0.9995594582497044
109.80000000000001	0.9995610668863815
109.9	0.9995626430656843
110.	0.9995642200683768
110.10000000000001	0.9995658046643702
110.2	0.9995673464576554
110.30000000000001	0.9995689044479656
110.4	0.9995704663315502
110.5	0.9995720021468253
110.60000000000001	0.9995734849220705
110.7	0.9995750034425018
110.80000000000001	0.999576521167982
110.9	0.9995780142190314
111.	0.9995794863939903
111.10000000000001	0.9995809574233836
111.2	0.9995824253700275
111.30000000000001	0.9995838812866764
111.4	0.9995853258801176
111.5	0.9995867528523139
111.60000000000001	0.9995881696907146
111.7	0.999589608265709
111.80000000000001	0.9995917324224292
111.9	0.9995941180480472
112.	0.9995964368695772
112.10000000000001	0.9995987206633987
112.2	0.9996009747921728
112.30000000000001	0.9996032145159248
112.4	0.9996054411073394
112.5	0.9996076334119719
112.60000000000001	0.9996097915153389
112.7	0.9996119679266309
112.80000000000001	0.9996140660838884
112.9	0.9996161959906167
113.	0.9996182526851334
113.10000000000001	0.9996203065907188
113.2	0.9996223492282319
113.30000000000001	0.9996243772016468
113.4	0.99962635967393
113.5	0.9996283204634301
113.60000000000001	0.9996302815588072
113.7	0.999632219399344
113.80000000000001	0.9996341382068663
113.9	0.9996360160930955
114.	0.9996379041941845
114.10000000000001	0.9996397636769608
114.2	0.9996416052860609
114.30000000000001	0.9996434323017684
114.4	0.9996452137093483
114.5	0.9996470104696595
114.60000000000001	0.9996487766919692
114.7	0.9994715583053883
114.80000000000001	0.9995674762360526
114.9	0.9994785261161743
115.	0.999483540447728
115.10000000000001	0.9994829500366054
115.2	0.9994808099150061
115.30000000000001	0.9994801846048229
115.4	0.9995521155600666
115.5	0.9995389748297223
115.60000000000001	0.9995748549682174
115.7	0.9995787526014396
115.80000000000001	0.9995822397862966
115.9	0.9995836764285356
116.	0.9995734854989049
116.10000000000001	0.9994466047021635
116.2	0.9993802704364259
116.30000000000001	0.9995948582110366
116.4	0.9993709631351974
116.5	0.9995762748562051
116.60000000000001	0.999375673470164
116.7	0.9995782560849823
116.80000000000001	0.9993797890399516
116.9	0.999581131174903
117.	0.9993831719125613
117.10000000000001	0.9995853716539141
117.2	0.9993851485439201
117.30000000000001	0.9995920195364362
117.4	0.9993875830919553
117.5	0.9995976860714081
117.60000000000001	0.9993903035920717
117.7	0.9996026932962375
117.80000000000001	0.9993932356301237
117.9	0.9996071892572717
118.	0.999396323090967
118.10000000000001	0.9996112702573029
118.2	0.9993994714978005
118.30000000000001	0.999615135041695
118.4	0.9994026784294817
118.5	0.9996188339557945
118.60000000000001	0.9994059581827189
118.7	0.9996222661443678
118.80000000000001	0.9994091979684631
118.9	0.9996255589740956
119.	0.9994124090719061
119.10000000000001	0.9996287397075623
119.2	0.9994156155170805
119.30000000000001	0.9996319409865247
119.4	0.9994187628370129
119.5	0.9996350938999734
119.60000000000001	0.9994400549719196
119.7	0.9996050281018174
119.80000000000001	0.9994705397389991
119.9	0.9995850252345062
120.	0.999492413476066
120.10000000000001	0.9996782872988188
120.2	0.9994958635307746
120.30000000000001	0.9995947579221973
120.4	0.999599835520658
120.5	0.9996138279743949
120.60000000000001	0.999620940860228
120.7	0.9996265988536825
120.80000000000001	0.9996307045395947
120.9	0.9996339928399138
121.	0.9996367011159488
121.10000000000001	0.9996390201810819
121.2	0.9996392109588811
121.30000000000001	0.9996395494324395
121.4	0.9996404008186323
121.5	0.9996410594141761
121.60000000000001	0.9996412857431387
121.7	0.9996408805866432
121.80000000000001	0.9996396240630212
121.9	0.9996372208552632
122.	0.99963320510221
122.10000000000001	0.9996268799133134
122.2	0.9996171967813743
122.30000000000001	0.9996021305952357
122.4	0.9995778184475652
122.5	0.9991478886406262
122.60000000000001	0.999528891662683
122.7	0.9995773757383366
122.80000000000001	0.9995734340205434
122.9	0.9991584546073863
123.	0.999534356384047
123.10000000000001	0.9995699256688044
123.2	0.999169400923801
123.30000000000001	0.999532906354032
123.4	0.9995721301367219
123.5	0.9991943744542047
123.60000000000001	0.9995045705673418
123.7	0.9996475758468484
123.80000000000001	0.9996546794641045
123.9	0.999664468178473
124.	0.9996689880150581
124.10000000000001	0.9996735484860293
124.2	0.9996751711821193
124.30000000000001	0.9996693739000341
124.4	0.999589798623
124.5	0.9995848767466132
124.60000000000001	0.9995834399083144
124.7	0.9996265973434239
124.80000000000001	0.9996344969163825
124.9	0.9996514735618699
125.	0.9996579431297833
125.10000000000001	0.9996609527301658
125.2	0.9996606075263067
125.30000000000001	0.9996576833873112
125.4	0.9996523813409862
125.5	0.9996443951976756
125.60000000000001	0.9996326725560205
125.7	0.9996140615767064
125.80000000000001	0.9995849917505087
125.9	0.9995679680135778
126.	0.9995987168432747
126.10000000000001	0.9995824324835637
126.2	0.9995681134497576
126.30000000000001	0.9996108016467216
126.4	0.9995808454110573
126.5	0.9995858005437044
126.60000000000001	0.9995764841497178
126.7	0.9996058475158387
126.80000000000001	0.999576444613996
126.9	0.9996138232024702
127.	0.9995738849362432
127.10000000000001	0.9996276215679057
127.2	0.9995713487789921
127.30000000000001	0.9996407289203395
127.4	0.9995685319122525
127.5	0.9996539765910589
127.60000000000001	0.9995654862752057
127.7	0.9996670562830943
127.80000000000001	0.9995621918225928
127.9	0.9996800465404558
128.	0.9995586072807768
128.10000000000002	0.9996930283999804
128.2	0.9995547068874353
128.3	0.999706139387022
128.4	0.9995531116556962
128.5	0.9997146194901055
128.60000000000002	0.9995554066779061
128.7	0.9997161685147423
128.8	0.9995577833579569
128.9	0.9997176317114995
129.	0.999560096753709
129.1	0.9997190513857009
129.20000000000002	0.9995624192833427
129.3	0.9997205336555829
129.4	0.9995647280862424
129.5	0.9997219190817475
129.6	0.9995670040024022
129.70000000000002	0.9997233146279819
129.8	0.9995692821465164
129.9	0.9997247192253138
130.	0.9995715115290001
130.1	0.9997260612876174
130.20000000000002	0.9995737404916304
130.3	0.9997273710484206
130.4	0.99957593897029
130.5	0.9997288077325996
130.6	0.9995781041668464
130.70000000000002	0.999730094488015
130.8	0.9995802957803993
130.9	0.999731469939617
131.	0.9995824416768498
131.1	0.9997327604011945
131.20000000000002	0.9995845705317412
131.3	0.9997341129827031
131.4	0.9995866789739297
131.5	0.9997354108654722
131.6	0.9995887477545023
131.70000000000002	0.9997368393205581
131.8	0.9995908531504132
131.9	0.9997380327311883
132.	0.9995929033400717
132.1	0.9997393053493308
132.20000000000002	0.999594940176658
132.3	0.9997405858154647
132.4	0.99959696240444
132.5	0.9994876696299375
132.6	0.9995141164866439
132.70000000000002	0.999404217289867
132.8	0.9995583091530089
132.9	0.9992399367247958
133.	0.9995005455079544
133.1	0.9994966092386093
133.20000000000002	0.9995196219181613
133.3	0.9994210989500777
133.4	0.9995468358048417
133.5	0.9993297817931347
133.6	0.9993956451429801
133.70000000000002	0.9996122742380601
133.8	0.9997452727487249
133.9	0.9996110685268446
134.	0.9995077892079303
134.1	0.9995355222012418
134.20000000000002	0.9994126763020768
134.3	0.9996027567914892
134.4	0.9995519957847473
134.5	0.9993684676782706
134.6	0.9993648110361814
134.70000000000002	0.9993759600969474
134.8	0.9993582246703246
134.9	0.9993960464885222
135.	0.9993244203563367
135.1	0.9994584706670486
135.20000000000002	0.9995368699032985
135.3	0.9994931354706389
135.4	0.9996984844201988
135.5	0.999625662122637
135.6	0.9997613588577027
135.70000000000002	0.9996269069589021
135.8	0.999530429437859
135.9	0.9995583029202975
136.	0.9994367890031864
136.1	0.9996209665209188
136.20000000000002	0.9995658027424117
136.3	0.9994182548549455
136.4	0.9993352537947034
136.5	0.999487877163916
136.6	0.9995215148493316
136.70000000000002	0.999655150926863
136.8	0.9997312377658428
136.9	0.9996372245955601
137.	0.9995433804257107
137.1	0.9995757521254143
137.20000000000002	0.9994333123989249
137.3	0.9993385919460724
137.4	0.9995100794507872
137.5	0.9997465988922443
137.6	0.999642806890727
137.70000000000002	0.9995515082706455
137.8	0.9995824861992408
137.9	0.9994489697531899
138.	0.9993307980786685
138.1	0.9995566111927734
138.20000000000002	0.9995842864163819
138.3	0.9994684947752142
138.4	0.9992985921004448
138.5	0.9996278104827446
138.6	0.9992655474769232
138.70000000000002	0.9996707367548406
138.8	0.9997429654432014
138.9	0.9996528462486134
139.	0.9995658124993975
139.1	0.9995949706080928
139.20000000000002	0.9994735202082179
139.3	0.9993237804587224
139.4	0.9996193865901957
139.5	0.9993597110996595
139.6	0.9995587665273609
139.70000000000002	0.9997006245727132
139.8	0.9996939872761508
139.9	0.9997139051270453
140.	0.9996610826330031
140.1	0.9995770670606572
140.20000000000002	0.9996057287989787
140.3	0.9994892235954157
140.4	0.999328214979629
140.5	0.999645940189622
140.6	0.9992874288642634
140.70000000000002	0.9996932125693437
140.8	0.9997360408629293
140.9	0.9996673756678139
141.	0.9995866780838605
141.1	0.999633183440608
141.20000000000002	0.9993842978908047
141.3	0.9995751473100046
141.4	0.9997238786154553
141.5	0.9996716059409417
141.6	0.9995922111065967
141.70000000000002	0.9996552547723091
141.8	0.999648844701435
141.9	0.999344437687061
142.	0.9996642092945102
142.1	0.9992706216211316
142.20000000000002	0.999728939881564
142.3	0.9996770221568237
142.4	0.9995998998602433
142.5	0.9996737012127157
142.6	0.9996171999406076
142.70000000000002	0.9995693794028035
142.8	0.999545659007316
142.9	0.9996138681025623
143.	0.9995957501852527
143.1	0.9997254504168445
143.20000000000002	0.9997057824456803
143.3	0.9997579609102304
143.4	0.9996841677903519
143.5	0.999610336187682
143.6	0.9996907663896757
143.70000000000002	0.9995936894491622
143.8	0.9997506717673657
143.9	0.9996874304871893
144.	0.9996147290518713
144.1	0.9996979464306817
144.20000000000002	0.9997900715930524
144.3	0.9996897995623643
144.4	0.999618579132652
144.5	0.9997012679228995
144.6	0.9995837992416093
144.70000000000002	0.9997854439794946
144.8	0.9996929605402499
144.9	0.9996228437651709
145.	0.9997070417326701
145.1	0.9997872262053571
145.20000000000002	0.9996954430316505
145.3	0.9996260933375628
145.4	0.9997115535680058
145.5	0.9997847497057468
145.6	0.9996978830749181
145.70000000000002	0.9996293294050692
145.8	0.9997156274189988
145.9	0.9995694106815968
146.	0.9993174203066308
146.1	0.9997528994242534
146.20000000000002	0.9997016105729636
146.3	0.9996338141926854
146.4	0.9997217840744808
146.5	0.9995633604853046
146.6	0.9993586637999531
146.70000000000002	0.9997365300808372
146.8	0.9997505876339658
146.9	0.9997129163134288
147.	0.9996139905644288
147.1	0.9997808369152286
147.20000000000002	0.9997073915347218
147.3	0.9996418227290139
147.4	0.9997286974392308
147.5	0.9995662297918498
147.6	0.9993854217457551
147.70000000000002	0.999731102361978
147.8	0.9997810537161941
147.9	0.999711402069869
148.	0.9996470202666036
148.1	0.9997335230146492
148.20000000000002	0.9997821384482855
148.3	0.9997136452545372
148.4	0.9996498871291097
148.5	0.999736322624987
148.6	0.9997823659445052
148.70000000000002	0.9997158673635416
148.8	0.9996527934392234
148.9	0.9997387060470521
149.	0.9997833407688714
149.1	0.9997180671851235
149.20000000000002	0.9996557153154284
149.3	0.9997408794873778
149.4	0.9997847354554237
149.5	0.9997202509359067
149.6	0.9996584395348592
149.70000000000002	0.9997434478422444
149.8	0.9997851800119137
149.9	0.9997223813075627
150.	0.9996612208993046
150.1	0.9997456733404657
150.20000000000002	0.9997863065846462
150.3	0.9997244874215496
150.4	0.9996639663862805
150.5	0.9997477677733775
150.6	0.9995786318245905
150.70000000000002	0.9994500243589622
150.8	0.9995968241724645
150.9	0.9994047607120583
151.	0.999759385429718
151.1	0.999767099803297
151.20000000000002	0.9997474456488168
151.3	0.9996006642556534
151.4	0.9994090295841579
151.5	0.9997622010200623
151.6	0.9997679852313047
151.70000000000002	0.999753707813422
151.8	0.9997920519926877
151.9	0.999732696733926
152.	0.9996744491526749
152.1	0.9997561462028376
152.20000000000002	0.9997923536057742
152.3	0.9997346947934403
152.4	0.9996772407557522
152.5	0.9997574595172388
152.6	0.9997950854122113
152.70000000000002	0.9997366675187757
152.8	0.9996816359594832
152.9	0.9997548810945782
153.	0.9996158209954189
153.1	0.999415394104592
153.20000000000002	0.9997756390077371
153.3	0.9997588614074697
153.4	0.9996093424681164
153.5	0.9994468537660458
153.6	0.9996253334400889
153.70000000000002	0.999403642690069
153.8	0.9997864833750644
153.9	0.9997424379035242
154.	0.9996944116165863
154.1	0.9997468439963095
154.20000000000002	0.9996776227149747
154.3	0.9997857227571525
154.4	0.9997469711357361
154.5	0.9993821496217784
154.60000000000002	0.9996052308058799
154.70000000000002	0.9994911937127597
154.8	0.999809758008094
154.9	0.9997470562193241
155.	0.9994150037629534
155.10000000000002	0.9997919125271322
155.20000000000002	0.9997484642040111
155.3	0.9994203305867101
155.4	0.9997919772104883
155.5	0.9997498286848558
155.60000000000002	0.9994257305728416
155.70000000000002	0.999791950440225
155.8	0.9997511660681564
155.9	0.9994312492022395
156.	0.9997918182300292
156.10000000000002	0.9997561624771197
156.20000000000002	0.9996965663964857
156.3	0.9997793625073879
156.4	0.9997957899943093
156.5	0.9997542700204431
156.60000000000002	0.999443392138216
156.70000000000002	0.9997917345232591
156.8	0.9997674955434249
156.9	0.9996600427973606
157.	0.9993848145842144
157.10000000000002	0.9996316885792155
157.20000000000002	0.9994838219227024
157.3	0.9996455960270071
157.4	0.9994468356351865
157.5	0.9997962750661026
157.60000000000002	0.9997660238302734
157.70000000000002	0.9996917597126139
157.8	0.9996347721984236
157.9	0.9994929503084975
158.	0.9996484868924889
158.10000000000002	0.9994568352826887
158.20000000000002	0.9997969485152853
158.3	0.99977447167096
158.4	0.9996656673680069
158.5	0.9994093348666852
158.60000000000002	0.9998162549565114
158.70000000000002	0.9997635811630102
158.8	0.9994792296264029
158.9	0.999828777989519
159.	0.9997648068290399
159.10000000000002	0.9994837311486025
159.20000000000002	0.9996592307954826
159.3	0.9994543893807114
159.4	0.9998064523064882
159.5	0.999766842765873
159.60000000000002	0.9994908587975624
159.70000000000002	0.9996612241987176
159.8	0.9994611131269396
159.9	0.9998070284825962
160.	0.9997688341252481
160.10000000000002	0.9994983010969364
160.20000000000002	0.9996630761225049
160.3	0.9994681850910841
160.4	0.999807423579481
160.5	0.9997742830374702
160.60000000000002	0.9994735291783557
160.70000000000002	0.9998071577193807
160.8	0.999779422312553
160.9	0.9994380858178054
161.	0.9996452474877945
161.10000000000002	0.999539961355545
161.20000000000002	0.9998283571273497
161.3	0.999773895457279
161.4	0.9995149128668281
161.5	0.9996680370953542
161.60000000000002	0.9994851694333073
161.70000000000002	0.9998086801521223
161.8	0.9997884294775804
161.9	0.9996938250128498
162.	0.9996981070898556
162.10000000000002	0.9996906372456125
162.20000000000002	0.9994207516403837
162.3	0.9996644056604265
162.4	0.9995156526384228
162.5	0.9996744005802827
162.60000000000002	0.9994892806583865
162.70000000000002	0.9998133473188596
162.8	0.9997875228248834
162.9	0.9994610301837267
163.	0.9998249661963323
163.10000000000002	0.9997806286897155
163.20000000000002	0.9995361202362746
163.3	0.9996745900884212
163.4	0.9995078488509647
163.5	0.99968160231873
163.60000000000002	0.9994898019347674
163.70000000000002	0.9998191213997525
163.8	0.9997831415258253
163.9	0.9995438498369921
164.	0.9996770555243897
164.10000000000002	0.9995162347059343
164.20000000000002	0.9996843527350037
164.3	0.9994974717568098
164.4	0.9998201907276588
164.5	0.9997884040125065
164.60000000000002	0.9995299567320007
164.70000000000002	0.9996849163897842
164.8	0.999507322076138
164.9	0.999641677162279
165.	0.9998022633668444
165.10000000000002	0.9997032219965416
165.20000000000002	0.999452015674043
165.3	0.9996765440116249
165.4	0.9997688018357214
165.5	0.9997419046084187
165.60000000000002	0.9998166544629723
165.70000000000002	0.9998133478796302
165.8	0.999823245529747
165.9	0.9997964613925591
166.	0.9995175733611769
166.10000000000002	0.9996467542324661
166.20000000000002	0.9998069896137585
166.3	0.9997073324638027
166.4	0.9994663250257483
166.5	0.9996801693709606
166.60000000000002	0.9997761325252223
166.70000000000002	0.9997376055000873
166.8	0.999667566119547
166.9	0.9997934828779629
167.	0.9996301565515536
167.10000000000002	0.9998239460428742
167.20000000000002	0.999809724967719
167.3	0.9997172758192061
167.4	0.9997232153322877
167.5	0.9997119201786968
167.60000000000002	0.9997363570301742
167.70000000000002	0.9996838767083275
167.8	0.9997828562491089
167.9	0.9997342498635462
168.	0.9996933031502634
168.10000000000002	0.9997732063215088
168.20000000000002	0.9997692148283819
168.3	0.9998215354204747
168.4	0.9996655519974034
168.5	0.999807849630127
168.60000000000002	0.9995186051470294
168.70000000000002	0.9996718270958065
168.8	0.9998043131936808
168.9	0.9995855962868714
169.	0.9996960324263564
169.10000000000002	0.9997791863781411
169.20000000000002	0.9997659861142956
169.3	0.9998092911673919
169.4	0.9995359005927255
169.5	0.9998325260386111
169.60000000000002	0.9998108416333596
169.70000000000002	0.9995333173377806
169.8	0.999834948397461
169.9	0.9998066307314907
170.	0.9996384732911537
170.10000000000002	0.999835413754195
170.20000000000002	0.9998085069349872
170.3	0.9998124748900813
170.4	0.9995437997599753
170.5	0.9998343947569521
170.60000000000002	0.9998159411325106
170.70000000000002	0.9995234029366615
170.8	0.999686867005032
170.9	0.999805288689429
171.	0.9996926809656147
171.10000000000002	0.9998006291072531
171.20000000000002	0.9997220699345092
171.3	0.99976074022096
171.4	0.9996716757942671
171.5	0.9998227743169086
171.60000000000002	0.9994904777344521
171.70000000000002	0.9997072344327717
171.8	0.9997887660742495
171.9	0.9998236402656167
172.	0.9994968782796213
172.10000000000002	0.9997076381610205
172.20000000000002	0.9997916648683629
172.3	0.9997705892953725
172.4	0.99982710448788
172.5	0.9994798038868361
172.60000000000002	0.9997154023509899
172.70000000000002	0.9997854408330059
172.8	0.9998220090306688
172.9	0.9995545518844927
173.	0.999842018251599
173.10000000000002	0.9998186601198814
173.20000000000002	0.9998252311819137
173.3	0.999529593696601
173.4	0.9997031906284719
173.5	0.999807328010124
173.60000000000002	0.9997360956860494
173.70000000000002	0.9997606719903285
173.8	0.9997041612662133
173.9	0.9998091793944098
174.	0.9997349567736034
174.10000000000002	0.9997670879188927
174.20000000000002	0.999844860569267
174.3	0.9998225723161743
174.4	0.9998293237905219
174.5	0.9995320109146534
174.60000000000002	0.999710225832863
174.70000000000002	0.9998083188442116
174.8	0.9997505734681505
174.9	0.9994882389738143
175.	0.9997259823936648
175.10000000000002	0.9997912412736807
175.20000000000002	0.9998135719360104
175.3	0.9997378207734315
175.4	0.9997750146500463
175.5	0.9998420875749902
175.60000000000002	0.9997090638342166
175.70000000000002	0.9998165520376422
175.8	0.9997329024209501
175.9	0.9997877901429234
176.	0.9998250850048994
176.10000000000002	0.9998451241288524
176.20000000000002	0.9997006410989538
176.3	0.9998282332495831
176.4	0.9998372707956403
176.5	0.9995214689904178
176.60000000000002	0.9997259144779255
176.70000000000002	0.9998042245200494
176.8	0.9998274533566834
176.9	0.999696448384803
177.	0.9998354660616098
177.10000000000002	0.99980507470107
177.20000000000002	0.9998275483405215
177.3	0.9998521503245382
177.4	0.9996720946147145
177.5	0.9997046202774102
177.60000000000002	0.9998323179722425
177.70000000000002	0.999681411547155
177.8	0.9996980782777511
177.9	0.9998389632213535
178.	0.999799820568508
178.10000000000002	0.9998183711718428
178.20000000000002	0.9997592728048251
178.3	0.9997624779012793
178.4	0.999756428419388
178.5	0.999770485453677
178.60000000000002	0.9997362352539959
178.70000000000002	0.9998057006427293
178.8	0.999820494846899
178.9	0.9997606225041259
179.	0.9997669003570385
179.10000000000002	0.9997537419388075
179.20000000000002	0.9997823704976232
179.3	0.9997129670623845
179.4	0.9998352485707357
179.5	0.9998513565476858
179.60000000000002	0.9997324648853683
179.70000000000002	0.9998175338426987
179.8	0.9998282107705408
179.9	0.9997449591605708
180.	0.9998033395237856
180.10000000000002	0.9998265138316749
180.20000000000002	0.9997549015411772
180.3	0.999789997621664
180.4	0.999850910334751
180.5	0.9995088519881351
180.60000000000002	0.9997471804484187
180.70000000000002	0.9998054207821494
180.8	0.9998275751840273
180.9	0.9997596708799413
181.	0.999787594094328
181.10000000000002	0.9997191872138131
181.20000000000002	0.9998395451827247
181.3	0.9998554122019723
181.4	0.9997402077825664
181.5	0.9998201627819556
181.60000000000002	0.9998302161756851
181.70000000000002	0.9997596796089113
181.8	0.9997943541778004
181.9	0.9997087785619719
182.	0.9997023544368787
182.10000000000002	0.9997107258768688
182.20000000000002	0.9998505297195172
182.3	0.999820077517892
182.4	0.9998287773034368
182.5	0.9998259026885108
182.60000000000002	0.9998299958394106
182.70000000000002	0.9998246622639273
182.8	0.9998308912747271
182.9	0.9998240265309
183.	0.999830859371483
183.10000000000002	0.9998254971375737
183.20000000000002	0.9998311296811523
183.3	0.9998262713524664
183.4	0.9998312288410208
183.5	0.9998272984802132
183.60000000000002	0.9998312977073497
183.70000000000002	0.9998281969810253
183.8	0.9998313193923287
183.9	0.9998290696474398
184.	0.9998313299157637
184.10000000000002	0.9998298665671306
184.20000000000002	0.99983132150521
184.3	0.999830578824653
184.4	0.9998313670634991
184.5	0.9998310789588077
184.60000000000002	0.9998314908596335
184.70000000000002	0.9998314929970743
184.8	0.999831668377817
184.9	0.9998317895982081
185.	0.9998318911710711
185.10000000000002	0.9998320155777132
185.20000000000002	0.999832111365132
185.3	0.9998321936949517
185.4	0.9998322744531827
185.5	0.9998323385038279
185.60000000000002	0.9998323749480249
185.70000000000002	0.999832397951894
185.8	0.9998323968284101
185.9	0.9998323449179624
186.	0.999832226075837
186.10000000000002	0.9998320301624524
186.20000000000002	0.9998316450535564
186.3	0.9998308867285767
186.4	0.9998289279555825
186.5	0.9998214741922687
186.60000000000002	0.9998354542600248
186.70000000000002	0.9998329351486025
186.8	0.9998310012802948
186.9	0.9998252506676037
187.	0.9998302855472706
187.10000000000002	0.9998203431384379
187.20000000000002	0.9998414487115205
187.3	0.9998296703271616
187.4	0.9998232241156508
187.5	0.9998377470500095
187.60000000000002	0.9998333700910854
187.70000000000002	0.9998261375114456
187.8	0.9998337398538728
187.9	0.9998256373107695
188.	0.999836025250899
188.10000000000002	0.9998309140620963
188.20000000000002	0.9998259115314619
188.3	0.9998374384898449
188.4	0.9998320088348931
188.5	0.999825474800457
188.60000000000002	0.9998401953105637
188.70000000000002	0.9998338009759398
188.8	0.9998234030408387
188.9	0.9998457771282772
189.	0.9998306034285904
189.10000000000002	0.9998326251034512
189.20000000000002	0.9998287816436168
189.3	0.9998378149026748
189.4	0.9998265346833544
189.5	0.9996891489672874
189.60000000000002	0.9997634450964829
189.70000000000002	0.9998408349206882
189.8	0.9998322731417472
189.9	0.9998341598446475
190.	0.9998306124583257
190.10000000000002	0.9998390120201471
190.20000000000002	0.9998233070345837
190.3	0.9997097740100194
190.4	0.99975677395545
190.5	0.9998514558811347
190.60000000000002	0.9998274288223628
190.70000000000002	0.999848567827414
190.8	0.9998337411006627
190.9	0.9998373344677077
191.	0.999829870184502
191.10000000000002	0.9998462430444285
191.20000000000002	0.9998348386120394
191.3	0.9998374378183876
191.4	0.999832238278787
191.5	0.9998439746509024
191.60000000000002	0.99982934893032
191.70000000000002	0.999850589946224
191.8	0.9998345649988162
191.9	0.9998416929668749
192.	0.9998261479094805
192.10000000000002	0.9998584769130878
192.20000000000002	0.9998089150189178
192.3	0.999780024485836
192.4	0.9998349854892133
192.5	0.9998442659097193
192.60000000000002	0.9998238086077065
192.70000000000002	0.9998671405176158
192.8	0.9997311182313741
192.9	0.9997540676485056
193.	0.9998640038893223
193.10000000000002	0.9997502293956644
193.20000000000002	0.9998674425892881
193.3	0.9997350502935511
193.4	0.9997533401468444
193.5	0.9998663574879363
193.60000000000002	0.9998378854952787
193.70000000000002	0.9998452361705232
193.8	0.9998293423404924
193.9	0.9997290540290631
194.	0.9997615372697141
194.10000000000002	0.9997251587537853
194.20000000000002	0.9997652637693447
194.3	0.9998600344590305
194.4	0.9998295818366059
194.5	0.9997353384901079
194.60000000000002	0.9997596434699805
194.70000000000002	0.9998661139922864
194.8	0.9997729545673801
194.9	0.9998553523775822
195.	0.9998366172476735
195.10000000000002	0.9998551811090193
195.20000000000002	0.9998363035055837
195.3	0.9998568439633544
195.4	0.9998369633378779
195.5	0.9998565835792602
195.60000000000002	0.9998368269755442
195.70000000000002	0.9998579009577648
195.8	0.9998371439675974
195.9	0.9998583194061308
196.	0.9998372316974826
196.10000000000002	0.9998591595281447
196.20000000000002	0.9998372862678377
196.3	0.9998605098858543
196.4	0.9998369889134052
196.5	0.9997276674920798
196.60000000000002	0.9997744714891121
196.70000000000002	0.9998613909852848
196.8	0.9998371371484951
196.9	0.9997319726413004
197.	0.9997736140713998
197.10000000000002	0.9998637146421955
197.20000000000002	0.9998357908055228
197.3	0.9998698853909281
197.4	0.9998072955312297
197.5	0.9998219316804677
197.60000000000002	0.9997905414098375
197.70000000000002	0.9998484538858924
197.8	0.9998457291037628
197.9	0.9998519460983828
198.	0.9998388272270219
198.10000000000002	0.9997388138594445
198.20000000000002	0.9997744034196724
198.3	0.9998675000193723
198.4	0.999833861962747
198.5	0.9997622508091913
198.60000000000002	0.9997546638861549
198.70000000000002	0.999763630896458
198.8	0.9998769746918768
198.9	0.9997663355940452
199.	0.9997518849856136
199.10000000000002	0.9997683226136395
199.20000000000002	0.9997505154673937
199.3	0.9997705423519787
199.4	0.9998742245287064
199.5	0.9998046676435861
199.60000000000002	0.9998383720305396
199.70000000000002	0.9997577442223379
199.8	0.9997663486805914
199.9	0.9997573253061496
200.	0.9997677875810628