1.	0.9669054426534828
1.1	0.963466127104433
1.2	0.9603526143764917
1.3	0.9569912218386862
1.4	0.9539017388632373
1.5	0.9502949573815321
1.6	0.9476356129691798
1.7000000000000002	0.9439747363002862
1.8	0.9414726969482032
1.9	0.9378488853233374
2.	0.9345824425421213
2.1	0.9312771188464313
2.2	0.9275033009805603
2.3	0.9244614048325706
2.4000000000000004	0.9213965210014908
2.5	0.9180755532579262
2.6	0.9147443746900938
2.7	0.9117504923025506
2.8	0.9086177255539976
2.9000000000000004	0.9052664606223255
3.	0.9019321461498644
3.1	0.8985893902040842
3.2	0.8952414461868988
3.3000000000000003	0.891887743267563
3.4000000000000004	0.8885559416425379
3.5	0.8852141989854524
3.6	0.8818725188981897
3.7	0.8785163560529148
3.8000000000000003	0.875167402254431
3.9000000000000004	0.8717950016755747
4.	0.867920152082739
4.1	0.864943392815707
4.2	0.861413253207771
4.300000000000001	0.85815412911148
4.4	0.8546584053854467
4.5	0.8513411589567864
4.6	0.847878789189358
4.7	0.8445059942610951
4.800000000000001	0.8410658708884023
4.9	0.8376510677683147
5.	0.8342148535643767
5.1000000000000005	0.8307744346334789
5.2	0.8273234294594842
5.3	0.8238572252102899
5.4	0.8203588653392807
5.5	0.8169144334028586
5.6000000000000005	0.8134391889374756
5.7	0.8099854919551982
5.800000000000001	0.8064950614381188
5.9	0.8030330259866502
6.	0.7995260445974274
6.1000000000000005	0.7960578160947737
6.2	0.7925314930114021
6.300000000000001	0.7890601520705881
6.4	0.785509489794726
6.5	0.7820425122544521
6.6000000000000005	0.7784562453260245
6.7	0.7750129414352213
6.800000000000001	0.7713613243366955
6.9	0.7673902928287022
7.	0.7644009501628831
7.1000000000000005	0.7606944479696548
7.2	0.7568630984413849
7.300000000000001	0.7537276067405584
7.4	0.749976901098147
7.5	0.74618476604095
7.6000000000000005	0.7428966194050566
7.7	0.7395422904699871
7.800000000000001	0.7354617089983119
7.9	0.7317372842662662
8.	0.7284399944866902
8.100000000000001	0.7251881670903522
8.2	0.7210195798925058
8.3	0.7175620911227379
8.4	0.7142607520918377
8.5	0.7099823566476189
8.600000000000001	0.706483333601677
8.7	0.7027393042307764
8.8	0.6993264857394323
8.9	0.695788460946755
9.	0.691776355862006
9.1	0.6879185294946052
9.200000000000001	0.6841704124822245
9.3	0.6806339304310544
9.4	0.6767551634515289
9.5	0.6730143985261424
9.6	0.6692894327238402
9.700000000000001	0.6654021430006174
9.8	0.6620130424062536
9.9	0.6579578501404503
10.	0.6542854676764811
10.1	0.6500506537757159
10.200000000000001	0.6467896043456589
10.3	0.6436235993946294
10.4	0.6402798752857064
10.5	0.6348650340150891
10.600000000000001	0.6321143786443361
10.700000000000001	0.6278917706777386
10.8	0.624743632816498
10.9	0.6211597284248804
11.	0.6171894666995522
11.100000000000001	0.6124293501052567
11.200000000000001	0.609498565315083
11.3	0.6045800499847247
11.4	0.6003583571764717
11.5	0.5973289541114288
11.600000000000001	0.18985046962680532
11.700000000000001	0.1847126030816737
11.8	0.18010912067494536
11.9	0.1759356601062752
12.	0.17211662502836636
12.100000000000001	0.1685954725632647
12.200000000000001	0.16532862078163954
12.3	0.16228171582015088
12.4	0.15942714725213938
12.5	0.15674231321731102
12.600000000000001	0.15420849610628823
12.700000000000001	0.15181003406411087
12.8	0.14953354247592898
12.9	0.14736766092920553
13.	0.1453025162488763
13.100000000000001	0.14332954922872662
13.200000000000001	0.14144125996345475
13.3	0.13963105849602422
13.4	0.13789307949484458
13.5	0.1362220985372118
13.600000000000001	0.13461347114733946
13.700000000000001	0.13306299091915855
13.8	0.1315668839035052
13.9	0.13012175181066182
14.	0.12872447588980412
14.100000000000001	0.12737220748991565
14.200000000000001	0.12606239543097042
14.3	0.12479263920484278
14.4	0.12356077491706781
14.5	0.12236479924129617
14.600000000000001	0.12120286175342421
14.700000000000001	0.12007323664833637
14.8	0.1189743509079249
14.9	0.11790472923188053
15.	0.11686300041516035
15.100000000000001	0.11584787858013294
15.200000000000001	0.11485817475427279
15.3	0.11389277799006614
15.4	0.11295062665225333
15.5	0.11203075475439532
15.600000000000001	0.11113223916428054
15.700000000000001	0.11025421910466655
15.8	0.10939586255547154
15.9	0.10855641548502559
16.	0.10773515474815422
16.1	0.10693138792032501
16.200000000000003	0.10614446976827178
16.3	0.10537378975579594
16.4	0.10461875292040981
16.5	0.10387883292039034
16.6	0.10315348453923366
16.700000000000003	0.10244221914654149
16.8	0.10174456529306934
16.9	0.10106006002072526
17.	0.10038829223866898
17.1	0.0997288915276438
17.2	0.09908132489740334
17.3	0.09844540984749899
17.400000000000002	0.09782065327828704
17.5	0.09720675495971455
17.6	0.09660339404105617
17.7	0.0960102614759694
17.8	0.0954270522375153
17.900000000000002	0.0948534854709984
18.	0.09428928614698986
18.1	0.09373419614169924
18.2	0.0931879479024806
18.3	0.09265031139278189
18.400000000000002	0.09212105125966706
18.5	0.09159995107944728
18.6	0.09108678018688861
18.7	0.09058133640512397
18.8	0.09008342716062014
18.900000000000002	0.0895928474550913
19.	0.08910942544294546
19.1	0.0886329726826315
19.2	0.08816332105827007
19.3	0.08770030448239957
19.400000000000002	0.08724376440986764
19.5	0.08679353749112763
19.6	0.08634948345908867
19.7	0.08591144843412218
19.8	0.08547929901747188
19.900000000000002	0.08505289900016381
20.	0.08463211829338753
20.1	0.08421682770892545
20.200000000000003	0.08380690671683241
20.3	0.0834022345447285
20.400000000000002	0.08300269578878425
20.5	0.08260817662387544
20.6	0.08221858074311277
20.700000000000003	0.08183378865909882
20.8	0.08145370646310156
20.900000000000002	0.08107823075834822
21.	0.08070727903596092
21.1	0.08034073703825402
21.200000000000003	0.07997853432515427
21.3	0.07962057469226054
21.400000000000002	0.07926677034313197
21.5	0.07891704257448325
21.6	0.07857130765973452
21.700000000000003	0.07822949573487842
21.8	0.07789152302515565
21.900000000000002	0.0775573175213944
22.	0.07722680381432952
22.1	0.0768999188968144
22.200000000000003	0.07657659580375342
22.3	0.07625675929957212
22.400000000000002	0.07594035064390765
22.5	0.0756273048841173
22.6	0.07531756372517864
22.700000000000003	0.07501106150592048
22.8	0.0747077480691704
22.900000000000002	0.07440755504186301
23.	0.0741104434658458
23.1	0.07381634788447339
23.200000000000003	0.07352521828424359
23.3	0.07323700199251064
23.400000000000002	0.07295165440780742
23.5	0.07266911493876975
23.6	0.07238935248554527
23.700000000000003	0.07211230727249322
23.8	0.07183793784587912
23.900000000000002	0.07156620336496346
24.	0.07129705277658427
24.1	0.07103045053007004
24.200000000000003	0.07076635758281814
24.3	0.07050472080845077
24.400000000000002	0.07024551275182547
24.5	0.06998869254309882
24.6	0.0697342180862517
24.700000000000003	0.06948205554799865
24.8	0.06923216844218934
24.900000000000002	0.06898452201132928
25.	0.06873908242876026
25.1	0.06849580575409547
25.200000000000003	0.06825467752954695
25.3	0.06801565156086332
25.400000000000002	0.06777869967817969
25.5	0.06754379341255047
25.6	0.06731089871619436
25.700000000000003	0.06707998495216459
25.8	0.06685103076323669
25.900000000000002	0.06662399490453702
26.	0.06639886297321937
26.1	0.06617560032207644
26.200000000000003	0.06595417423972327
26.3	0.06573457186552115
26.400000000000002	0.06551675943483387
26.5	0.06530070727893986
26.6	0.0650864056953764
26.700000000000003	0.06487381078302479
26.8	0.06466291734647238
26.900000000000002	0.06445369030467461
27.	0.0642461108470711
27.1	0.06404015383249395
27.200000000000003	0.06383580087368926
27.3	0.06363302743757533
27.400000000000002	0.06343181076980503
27.5	0.06323213540152246
27.6	0.06303397689831813
27.700000000000003	0.06283732063782412
27.8	0.06264214201954733
27.900000000000002	0.06244841381892317
28.	0.06225613158057025
28.1	0.06206526957095282
28.200000000000003	0.06187580938621349
28.3	0.06168773926761001
28.400000000000002	0.061501030220170366
28.5	0.061315675362340914
28.6	0.0611316496279247
28.700000000000003	0.06094893992542863
28.8	0.060767536931009614
28.900000000000002	0.060587411816900756
29.	0.060408551596050845
29.1	0.06023094745728892
29.200000000000003	0.06005458378071108
29.3	0.059879433790677394
29.400000000000002	0.05970549476202758
29.5	0.05953274930124015
29.6	0.05936117580101398
29.700000000000003	0.05919076801579736
29.8	0.059021510546751386
29.900000000000002	0.05885339086985189
30.	0.058686393980903195
30.1	0.058520502892501484
30.200000000000003	0.05835571137053271
30.3	0.05819200547445604
30.400000000000002	0.0580293658347947
30.5	0.05786778923044116
30.6	0.05770725788772507
30.700000000000003	0.057547760944869845
30.8	0.05738928457569521
30.900000000000002	0.057231818599309064
31.	0.05707535926217932
31.1	0.05691988117365614
31.200000000000003	0.05676538410307276
31.3	0.056611854187756855
31.400000000000002	0.056459276099925244
31.5	0.05630764763813942
31.6	0.05615694912624812
31.700000000000003	0.056007176735057576
31.8	0.0558583236102826
31.900000000000002	0.05571037001743187
32.	0.055563311846482374
32.1	0.055417137925390506
32.2	0.055271844640327875
32.3	0.05512740682654871
32.400000000000006	0.05498383039507454
32.5	0.054841106869056404
32.6	0.05469921904375096
32.7	0.05455815938162884
32.8	0.054417921991363416
32.900000000000006	0.05427850011145674
33.	0.054139873709477204
33.1	0.05400204900094515
33.2	0.053865011072456496
33.300000000000004	0.05372875075456739
33.4	0.053593263093683924
33.5	0.053458542890871756
33.6	0.05332457290056713
33.7	0.053191350660253336
33.800000000000004	0.05305886838789137
33.9	0.052927120194920255
34.	0.052796100571287134
34.1	0.05266579826606434
34.2	0.052536206149374494
34.300000000000004	0.05240731908217692
34.4	0.05227912771837851
34.5	0.05215162326665213
34.6	0.05202480874903879
34.7	0.05189866658328249
34.800000000000004	0.05177319519113435
34.9	0.05164838611094956
35.	0.0515242360966495
35.1	0.05140073750386446
35.2	0.05127788488420349
35.300000000000004	0.05115566445698794
35.4	0.05103408253440518
35.5	0.0509131265197337
35.6	0.050792785472971565
35.7	0.05067305967165884
35.800000000000004	0.05055394269888658
35.9	0.05043542891603344
36.	0.05031751327141257
36.1	0.05020018481914284
36.2	0.05008344453628763
36.300000000000004	0.04996728988626832
36.4	0.049851704495560444
36.5	0.04973669186506943
36.6	0.049622239183815475
36.7	0.04950835061146002
36.800000000000004	0.04939501392470489
36.9	0.049282225550904966
37.	0.04916998071496251
37.1	0.049058276367746546
37.2	0.048947106013205885
37.300000000000004	0.048836464443987086
37.4	0.04872634965869584
37.5	0.04861675406212067
37.6	0.04850767444020593
37.7	0.04839909649533909
37.800000000000004	0.04829103431401463
37.9	0.04818347441206096
38.	0.04807640673258892
38.1	0.0479698334714047
38.2	0.047863750306222475
38.300000000000004	0.04775814451515099
38.4	0.047653027535556294
38.5	0.047548376568384565
38.6	0.04744420199487265
38.7	0.04734049487511781
38.800000000000004	0.047237247988861336
38.9	0.047134466588973814
39.	0.0470321358366397
39.1	0.046930255473975405
39.2	0.04682882245036624
39.300000000000004	0.04672783520766956
39.400000000000006	0.04662729073635504
39.5	0.04652717432208065
39.6	0.04642749550794477
39.7	0.04632824287213788
39.800000000000004	0.04622941819372016
39.900000000000006	0.046131010791089
40.	0.04603302503383474
40.1	0.0459354492941889
40.2	0.045838291878050885
40.300000000000004	0.0457415306354888
40.400000000000006	0.04564517763308195
40.5	0.04554922811447225
40.6	0.0454536711465424
40.7	0.04535851371943947
40.800000000000004	0.045263742053103045
40.900000000000006	0.045169361822239545
41.	0.04507535858059248
41.1	0.0449817392312369
41.2	0.04488850325859351
41.300000000000004	0.044795636788902346
41.400000000000006	0.0447031390473656
41.5	0.044611014170571714
41.6	0.0445192536615023
41.7	0.04442785401429883
41.800000000000004	0.04433681725077248
41.900000000000006	0.044246131802014164
42.	0.04415580435689061
42.1	0.04406582234562336
42.2	0.043976191869038304
42.300000000000004	0.04388690545254676
42.400000000000006	0.0437979630675132
42.5	0.04370935910126593
42.6	0.043621090382782335
42.7	0.04353315716094431
42.800000000000004	0.04344555233318934
42.900000000000006	0.043358279758505085
43.	0.04327133242565578
43.1	0.04318471009648198
43.2	0.043098401625079205
43.300000000000004	0.04301241594307371
43.400000000000006	0.04292674335514977
43.5	0.04284138641129765
43.6	0.04275633762211595
43.7	0.042671599528883844
43.800000000000004	0.04258716335870724
43.900000000000006	0.042503033297885184
44.	0.042419202872509845
44.1	0.04233566917294009
44.2	0.04225243189743607
44.300000000000004	0.042169489758269646
44.400000000000006	0.042086837618350616
44.5	0.04200447503840464
44.6	0.04192239661080736
44.7	0.04184060225953487
44.800000000000004	0.041759093292325127
44.900000000000006	0.041677862255941577
45.	0.04159690614169701
45.1	0.041516228396931275
45.2	0.04143582427104741
45.300000000000004	0.041355688246991366
45.400000000000006	0.04127582513595937
45.5	0.04119622122533915
45.6	0.04111688546387453
45.7	0.041037815659093674
45.800000000000004	0.04095900261999471
45.900000000000006	0.04088044903861787
46.	0.040802145505526695
46.1	0.040724102690604655
46.2	0.04064631243604069
46.300000000000004	0.040568770063789235
46.400000000000006	0.04049147464731091
46.5	0.04041442396125755
46.6	0.04033762113716335
46.7	0.040261056790178225
46.800000000000004	0.04018473453948047
46.900000000000006	0.04010865149399776
47.	0.040032802520114784
47.1	0.03995718895639829
47.2	0.03988180460603133
47.300000000000004	0.03980665482833852
47.400000000000006	0.039731733671035316
47.5	0.039657033463720646
47.6	0.039582561048456553
47.7	0.03950831792671154
47.800000000000004	0.039434293966103075
47.900000000000006	0.03936048216879014
48.	0.039286893073805826
48.1	0.03921351694392486
48.2	0.03914035763122865
48.300000000000004	0.03906741238610471
48.400000000000006	0.038994672034674493
48.5	0.038922141804166914
48.6	0.03884982234559526
48.7	0.03877770706506222
48.800000000000004	0.038705795948203794
48.900000000000006	0.03863408117864945
49.	0.03856257201969982
49.1	0.038491260748305306
49.2	0.03842014655974128
49.300000000000004	0.03834922304582088
49.400000000000006	0.03827849808799167
49.5	0.038207959599913174
49.6	0.03813762037873951
49.7	0.03806746181560222
49.800000000000004	0.037997491782441724
49.900000000000006	0.0379277051969502
50.	0.03785810912361645
50.1	0.03778868759252601
50.2	0.03771944737292142
50.300000000000004	0.03765038632588055
50.400000000000006	0.03758149964338078
50.5	0.03751279468535219
50.6	0.03744425748092912
50.7	0.037375898814688294
50.800000000000004	0.0373077078961018
50.900000000000006	0.03723968732287272
51.	0.037171828927783
51.1	0.03710414137640358
51.2	0.037036613968045994
51.300000000000004	0.036969256580400976
51.400000000000006	0.03690205212701461
51.5	0.0368350171643101
51.6	0.03676812935575755
51.7	0.03670140166875436
51.800000000000004	0.03663483926160862
51.900000000000006	0.03656841961228089
52.	0.03650215174470212
52.1	0.03643603923144666
52.2	0.036370069575983266
52.300000000000004	0.036304254471747115
52.400000000000006	0.036238578234848516
52.5	0.03617305434451036
52.6	0.036107667409931696
52.7	0.0360424225352826
52.800000000000004	0.035977315708776623
52.900000000000006	0.03591234962458942
53.	0.035847518972321246
53.1	0.03578282642231998
53.2	0.03571826666205961
53.300000000000004	0.03565383618728335
53.400000000000006	0.035589536747824065
53.5	0.03552536590093542
53.6	0.03546132345562676
53.7	0.03539740585939303
53.800000000000004	0.03533361451037227
53.900000000000006	0.03526994261573346
54.	0.035206393634761565
54.1	0.03514296459753039
54.2	0.03507965372457822
54.300000000000004	0.03501646113671363
54.400000000000006	0.03495338041282543
54.5	0.034890414122009036
54.6	0.034827558068462876
54.7	0.034764814244828024
54.800000000000004	0.03470217912413631
54.900000000000006	0.03463964995487033
55.	0.034577225584697974
55.1	0.034514901910795696
55.2	0.0344526861605533
55.300000000000004	0.034390569237324545
55.400000000000006	0.03432855325338089
55.5	0.03426662895415425
55.6	0.034204804924712846
55.7	0.034143069221687826
55.800000000000004	0.03408142952777175
55.900000000000006	0.034019880129752586
56.	0.033958417674230586
56.1	0.033897041743025096
56.2	0.033835753738499605
56.300000000000004	0.03377454546408836
56.400000000000006	0.033713424387199
56.5	0.03365237873410263
56.6	0.033591409214968976
56.7	0.033530520513162146
56.800000000000004	0.033469703896615445
56.900000000000006	0.03340895560850457
57.	0.03334828434702965
57.1	0.03328767816547671
57.2	0.033227141576827504
57.300000000000004	0.033166670509474236
57.400000000000006	0.0331062551344891
57.5	0.03304590359261174
57.6	0.032985612830359855
57.7	0.03292537701279554
57.800000000000004	0.03286519650379371
57.900000000000006	0.03280506739808262
58.	0.03274499239369644
58.1	0.032684960768328546
58.2	0.03262497735146804
58.300000000000004	0.03256503817543373
58.400000000000006	0.032505132747843106
58.5	0.03244527025148149
58.6	0.03238544663768951
58.7	0.03232565693801053
58.800000000000004	0.03226589889238848
58.900000000000006	0.032206169416849256
59.	0.032146465140126874
59.1	0.03208678252567424
59.2	0.03202712875873999
59.300000000000004	0.03196748207712197
59.400000000000006	0.031907857889181344
59.5	0.0318482454099121
59.6	0.03178864291296441
59.7	0.031729047163030155
59.800000000000004	0.03166945251735443
59.900000000000006	0.03160986342562533
60.	0.03155026941373613
60.1	0.031490669136884676
60.2	0.03143105658209948
60.300000000000004	0.03137143366785742
60.400000000000006	0.03131179272844393
60.5	0.03125213447150269
60.6	0.03119244607991479
60.7	0.03113273816443912
60.800000000000004	0.031072990987075156
60.900000000000006	0.03101321009157317
61.	0.030953389772772462
61.1	0.030893521910182326
61.2	0.0308336078464699
61.300000000000004	0.0307736365096139
61.400000000000006	0.030713612572179343
61.5	0.03065351667266648
61.6	0.030593354410845965
61.7	0.030533117232620626
61.800000000000004	0.030472796319685417
61.900000000000006	0.030412393657755554
62.	0.030351897948326052
62.1	0.030291300284000226
62.2	0.030230599340712948
62.300000000000004	0.030169780936032443
62.400000000000006	0.03010884359678662
62.5	0.03004778261375046
62.6	0.029986586073633765
62.7	0.029925241831990475
62.800000000000004	0.029863747052654308
62.900000000000006	0.02980208991507235
63.	0.029740258750794512
63.1	0.029678251315059804
63.2	0.029616046104298455
63.300000000000004	0.029553641141037364
63.400000000000006	0.02949101796304004
63.5	0.02942816671515626
63.6	0.029365075352187325
63.7	0.029301721037742832
63.800000000000004	0.029238104395469075
63.900000000000006	0.02917419792314653
64.	0.029109982823058506
64.1	0.02904544901258037
64.2	0.028980567482235584
64.30000000000001	0.02891532668934836
64.4	0.0288496953159627
64.5	0.028783652628051343
64.6	0.028717169028979722
64.7	0.02865021533205578
64.80000000000001	0.028582766987246
64.9	0.028514776457276764
65.	0.028446218546383618
65.10000000000001	0.028377044577180446
65.2	0.02830720672552469
65.3	0.028236660705411268
65.4	0.028165335407672996
65.5	0.028093184163854545
65.60000000000001	0.028020126148684526
65.7	0.027946079008035616
65.8	0.02787094666176989
65.9	0.02779462854763981
66.	0.02771699459385288
66.10000000000001	0.027637896927147704
66.2	0.027557165868043652
66.3	0.027474591098355112
66.4	0.027389915077963397
66.5	0.027302835116822806
66.60000000000001	0.027212955644767303
66.7	0.02711975207497993
66.8	0.027022546918508455
66.9	0.026920398909399536
67.	0.02681191988773049
67.10000000000001	0.02669495511411983
67.2	0.02656575843840193
67.3	0.02641665583530459
67.4	0.02622527276560907
67.5	0.03780705630149572
67.60000000000001	0.03773808263050877
67.7	0.037683881406403524
67.8	0.03763030766649384
67.9	0.03757601761170757
68.	0.03752092026515007
68.10000000000001	0.03746581257761656
68.2	0.03740987849797068
68.3	0.03735512866032671
68.4	0.037301390232544245
68.5	0.03724815528685941
68.60000000000001	0.037192467572680514
68.7	0.03713981308305297
68.8	0.03708513715626398
68.9	0.037031464453056745
69.	0.03697812240750099
69.10000000000001	0.03692642905038174
69.2	0.03687341745133666
69.3	0.036820599416462506
69.4	0.036767962160325365
69.5	0.03671550420893845
69.60000000000001	0.036663224921678596
69.7	0.03661112424794337
69.8	0.036559199365364545
69.9	0.03650745164013309
70.	0.036455879900694904
70.10000000000001	0.03640448285114531
70.2	0.036353257172992225
70.3	0.036298361729178934
70.4	0.0362476039329475
70.5	0.03620064258557062
70.60000000000001	0.03615008048076849
70.7	0.03609613714703137
70.8	0.03604604175678293
70.9	0.03599606882584958
71.	0.0359462604714162
71.10000000000001	0.03589661848181282
71.2	0.035840687836148834
71.3	0.03579789033198877
71.4	0.035748666485519574
71.5	0.03569353043288455
71.60000000000001	0.03565090494781494
71.7	0.035602170590007906
71.8	0.03554779564647531
71.9	0.035499642030683204
72.	0.03545152640128838
72.10000000000001	0.03540912109269005
72.2	0.0353556660662504
72.3	0.03530811669795305
72.4	0.03526061810918463
72.5	0.03521327385230666
72.60000000000001	0.03516608081583439
72.7	0.03511903851046414
72.8	0.03507214607412985
72.9	0.035025404344499224
73.	0.03497881128853794
73.10000000000001	0.03493236687675115
73.2	0.03488606906989028
73.3	0.034839918662306235
73.4	0.034793915598882716
73.5	0.034748057226600036
73.60000000000001	0.03470234376848763
73.7	0.03465677511020793
73.8	0.03461134945261282
73.9	0.034566067814451
74.	0.034520927880086226
74.10000000000001	0.03447593007323684
74.2	0.034431071793781284
74.3	0.034386356176271116
74.4	0.034341779535311846
74.5	0.034297341767139986
74.60000000000001	0.03425304250345263
74.7	0.03420888107659126
74.8	0.03416485669606481
74.9	0.034120969557452946
75.	0.034077217123705
75.10000000000001	0.03403360181659163
75.2	0.03399013867682082
75.3	0.03394683772484
75.4	0.03390366791563847
75.5	0.03386062697749454
75.60000000000001	0.033817717592386845
75.7	0.03377493702885278
75.8	0.03373228644367347
75.9	0.033689763501054924
76.	0.03364736966254727
76.10000000000001	0.03360510196989492
76.2	0.033562962443692994
76.3	0.033520949353792934
76.4	0.033479062580487225
76.5	0.033437300736121445
76.60000000000001	0.03339566396719772
76.7	0.03335415174029688
76.8	0.03331276343802121
76.9	0.033271499099268805
77.	0.03323035730849002
77.10000000000001	0.03318933774761504
77.2	0.03314844138219732
77.3	0.033107666318772246
77.4	0.033067011013487954
77.5	0.03302647328615277
77.60000000000001	0.03298605518173678
77.7	0.03294575611283906
77.80000000000001	0.03290557598197803
77.9	0.032865514860237886
78.	0.03282557123634276
78.10000000000001	0.0327857446067548
78.2	0.03274689798484098
78.30000000000001	0.03270727193318086
78.4	0.032667767654221205
78.5	0.03262838180415847
78.60000000000001	0.03258911396239901
78.7	0.03254996142655497
78.80000000000001	0.03251092533369944
78.9	0.0324720029866139
79.	0.032433194058494354
79.10000000000001	0.032394498724028095
79.2	0.032355914881783084
79.30000000000001	0.03231760183093902
79.4	0.03227938798441809
79.5	0.03224124865206851
79.60000000000001	0.03220346646129986
79.7	0.03216331889070894
79.80000000000001	0.03212564205296927
79.9	0.032086735625725844
80.	0.03204951959996602
80.10000000000001	0.032012498957286806
80.2	0.031975059724744966
80.30000000000001	0.031937543907749444
80.4	0.03190173575040904
80.5	0.03186434588454918
80.60000000000001	0.03182724029306331
80.7	0.03179028832166576
80.80000000000001	0.03175344646994044
80.9	0.03171670789682667
81.	0.03167878562171239
81.10000000000001	0.03164164619440326
81.2	0.03160773864315681
81.30000000000001	0.031571390530095035
81.4	0.03153510775972142
81.5	0.03149710705515207
81.60000000000001	0.0314612824231267
81.7	0.0314247861518241
81.80000000000001	0.03138746041236796
81.9	0.03135144105236697
82.	0.03131576981503635
82.10000000000001	0.03128018755233682
82.2	0.03124468841786219
82.30000000000001	0.031209283190378478
82.4	0.031173966571849836
82.5	0.0311387399342279
82.60000000000001	0.03110360200168812
82.7	0.031068549875230927
82.80000000000001	0.031033706063761362
82.9	0.030998982814754238
83.	0.030964354154287145
83.10000000000001	0.030929819694537695
83.2	0.030895379499603567
83.30000000000001	0.030861031940765213
83.4	0.030826778247047014
83.5	0.03079261685427934
83.60000000000001	0.03075854829132148
83.7	0.030724571508333732
83.80000000000001	0.030690686173108193
83.9	0.030656891765957855
84.	0.030623187944287738
84.10000000000001	0.030589575356945002
84.2	0.030556051617636408
84.30000000000001	0.03052261630664764
84.4	0.030489270638079623
84.5	0.030456014801355607
84.60000000000001	0.03042284654041639
84.7	0.030389766949983032
84.80000000000001	0.030356775432173064
84.9	0.030323871036019575
85.	0.03029105419346531
85.10000000000001	0.030258323506606264
85.2	0.030225679637086434
85.30000000000001	0.030193121998253435
85.4	0.030160649765773984
85.5	0.03012826311446891
85.60000000000001	0.030095961615269444
85.7	0.030063744552960178
85.80000000000001	0.03003161207715707
85.9	0.029999563291938838
86.	0.02996759823645543
86.10000000000001	0.029935716336180775
86.2	0.029903917682139538
86.30000000000001	0.029872201518918555
86.4	0.02984056749604344
86.5	0.029809014720080615
86.60000000000001	0.02977754313164622
86.7	0.029746153215432624
86.80000000000001	0.02971484413256701
86.9	0.029683615530556044
87.	0.029652467482721098
87.10000000000001	0.029621399851192897
87.2	0.029590411238770712
87.30000000000001	0.029559502538367362
87.4	0.029528672855177615
87.5	0.02949792177936346
87.60000000000001	0.029467249189522173
87.7	0.02943665470360456
87.80000000000001	0.02940613794330604
87.9	0.029375698778231533
88.	0.029345337026322953
88.10000000000001	0.029315052353312228
88.2	0.02928484360834235
88.30000000000001	0.02925471170564096
88.4	0.029224655281999082
88.5	0.02919467479509161
88.60000000000001	0.029164769864818158
88.7	0.029134939915596018
88.80000000000001	0.0291051847603061
88.9	0.029075504038782545
89.	0.02904589735834746
89.10000000000001	0.029016365059234564
89.2	0.028986906275289593
89.30000000000001	0.028957520848933445
89.4	0.028928208037840634
89.5	0.028898968337390665
89.60000000000001	0.028869800967595192
89.7	0.02884070608275862
89.80000000000001	0.028811683137911152
89.9	0.028782731351012846
90.	0.028753851382642703
90.10000000000001	0.02872504254716287
90.2	0.028696304182257215
90.30000000000001	0.028667636459513195
90.4	0.028639039363725537
90.5	0.028610511914608616
90.60000000000001	0.02858205400669817
90.7	0.028553666436155034
90.80000000000001	0.028525347389722174
90.9	0.02849709714929736
91.	0.028468916131327213
91.10000000000001	0.028440803255383847
91.2	0.028412758234730367
91.30000000000001	0.028384781371004413
91.4	0.02835687257934201
91.5	0.028329030632143398
91.60000000000001	0.028301256035144544
91.7	0.02827354832424237
91.80000000000001	0.028245906882415545
91.9	0.028218332522031552
92.	0.028190823490984205
92.10000000000001	0.02816338075022493
92.2	0.02813600354856885
92.30000000000001	0.028108691750365296
92.4	0.02808144508011606
92.5	0.028054263535667937
92.60000000000001	0.02802714622611441
92.7	0.028000093809785763
92.80000000000001	0.027973105216898657
92.9	0.027946180813984853
93.	0.027919319580607067
93.10000000000001	0.027892522226952737
93.2	0.02786578823230265
93.30000000000001	0.027839116760467495
93.4	0.027812508341222654
93.5	0.027785962279489443
93.60000000000001	0.027759479100169585
93.7	0.027733057666004195
93.80000000000001	0.027706697527285856
93.9	0.027680399284476104
94.	0.027654163025172436
94.10000000000001	0.027627987540493136
94.2	0.02760187263817911
94.30000000000001	0.02757581909636186
94.4	0.027549825577896186
94.5	0.02752389247258602
94.60000000000001	0.027498019526144685
94.7	0.027472206222328655
94.80000000000001	0.02744645270023638
94.9	0.027420758433227648
95.	0.027395123568376197
95.10000000000001	0.027369547654715894
95.2	0.02734403026486835
95.30000000000001	0.02731857161537296
95.4	0.027293171216826034
95.5	0.02726782879738829
95.60000000000001	0.02724254471050043
95.7	0.027217318208631266
95.80000000000001	0.027192148950422657
95.9	0.027167037101791136
96.	0.027141982502471573
96.10000000000001	0.02711698476895562
96.2	0.027092043599365935
96.30000000000001	0.027067159243693923
96.4	0.027042330839093635
96.5	0.0270175587128654
96.60000000000001	0.02699284227320705
96.7	0.026968181761073858
96.80000000000001	0.026943576613193226
96.9	0.02691902681660584
97.	0.026894532183044467
97.10000000000001	0.026870092338678517
97.2	0.026845707231792446
97.30000000000001	0.02682137681251941
97.4	0.026797100332089305
97.5	0.026772878468031742
97.60000000000001	0.026748710082480674
97.7	0.026724596026766766
97.80000000000001	0.026700535026741145
97.9	0.02667652782708921
98.	0.026652573483030448
98.10000000000001	0.02662867270770241
98.2	0.026604824291892752
98.30000000000001	0.026581028588684295
98.4	0.026557285452974144
98.5	0.026533594245687225
98.60000000000001	0.02650995572605295
98.7	0.026486368874330035
98.80000000000001	0.02646283374859215
98.9	0.026439350257602634
99.	0.02641591831087625
99.10000000000001	0.02639253716423907
99.2	0.026369207431460342
99.30000000000001	0.02634592836391544
99.4	0.0263227001982091
99.5	0.026299522306108374
99.60000000000001	0.02627639485773899
99.7	0.02625331790270664
99.80000000000001	0.02623029025915309
99.9	0.026207312913505757
100.	0.02618438526227886
100.10000000000001	0.026161506964418886
100.2	0.02613867788307386
100.30000000000001	0.02611589818369873
100.4	0.026093167624188753
100.5	0.02607048565513931
100.60000000000001	0.026047852279224095
100.7	0.026025267489030005
100.80000000000001	0.026002730993186125
100.9	0.02598024278975853
101.	0.025957802667672877
101.10000000000001	0.025935409990540868
101.2	0.025913065458658565
101.30000000000001	0.025890768339572948
101.4	0.025868518522373884
101.5	0.025846315913722853
101.60000000000001	0.025824160560198452
101.7	0.02580205166877393
101.80000000000001	0.02577999012319916
101.9	0.025757974656504697
102.	0.02573600602338913
102.10000000000001	0.025714083311905014
102.2	0.02569220682451636
102.30000000000001	0.025670376330832093
102.4	0.025648591660921916
102.5	0.02562685280833862
102.60000000000001	0.025605159358989795
102.7	0.025583511236842504
102.80000000000001	0.025561908554667463
102.9	0.025540350758871254
103.	0.025518837779815298
103.10000000000001	0.025497370091416373
103.2	0.025475946491605787
103.30000000000001	0.025454567486512047
103.4	0.02543323306549636
103.5	0.02541194276186484
103.60000000000001	0.025390696235333056
103.7	0.025369494064443533
103.80000000000001	0.025348335461556595
103.9	0.02532722042243073
104.	0.025306148868709022
104.10000000000001	0.02528512064068456
104.2	0.025264135576191223
104.30000000000001	0.025243193851658224
104.4	0.025222294758967017
104.5	0.025201438752846812
104.60000000000001	0.025180624773047822
104.7	0.025159854012284277
104.80000000000001	0.02513912521049982
104.9	0.025118438740362264
105.	0.02509779453704631
105.10000000000001	0.025077192298661632
105.2	0.025056631851764804
105.30000000000001	0.02503611290394722
105.4	0.025015636955428806
105.5	0.024995206422074367
105.60000000000001	0.02497481700677518
105.7	0.024954468497763917
105.80000000000001	0.02493416144425212
105.9	0.024913894767131267
106.	0.024893668899582003
106.10000000000001	0.0248734836979115
106.2	0.024853338747398857
106.30000000000001	0.024833234229607627
106.4	0.024813169810425594
106.5	0.024793145528706484
106.60000000000001	0.024773160953488294
106.7	0.02475321638711627
106.80000000000001	0.02473331151052541
106.9	0.0247134460083935
107.	0.024693620347936176
107.10000000000001	0.024673833654777374
107.2	0.0246540862433761
107.30000000000001	0.02463437807001138
107.4	0.024614708593789014
107.5	0.02459507806391036
107.60000000000001	0.024575486398152373
107.7	0.024555933279136844
107.80000000000001	0.02453641846480789
107.9	0.024516942205319168
108.	0.02449750378115379
108.10000000000001	0.02447810402388753
108.2	0.024458741837342615
108.30000000000001	0.024439417811299827
108.4	0.02442013146502619
108.5	0.024400882778140027
108.60000000000001	0.024381671661277044
108.7	0.024362497852640958
108.80000000000001	0.0243433615284159
108.9	0.024324262415921234
109.	0.02430520043890355
109.10000000000001	0.024286175203736788
109.2	0.02426718691713272
109.30000000000001	0.024248235726258845
109.4	0.024229320654246336
109.5	0.02421044254522554
109.60000000000001	0.024191600610735775
109.7	0.02417279504658875
109.80000000000001	0.024154025899232847
109.9	0.024135292671846196
110.	0.02411659547604343
110.10000000000001	0.02409793409056959
110.2	0.024079308533903786
110.30000000000001	0.0240607181640881
110.4	0.02404216315149909
110.5	0.024023643729637088
110.60000000000001	0.0240051596008328
110.7	0.023986710899610426
110.80000000000001	0.023968297100306044
110.9	0.0239499183703598
111.	0.02393157469270906
111.10000000000001	0.023913265729106258
111.2	0.02389499148626121
111.30000000000001	0.023876751608886818
111.4	0.023858546658147555
111.5	0.023840375816408584
111.60000000000001	0.023822239425129087
111.7	0.02380413703432393
111.80000000000001	0.02378606905604346
111.9	0.023768034878201214
112.	0.02375003472061369
112.10000000000001	0.02373206832341033
112.2	0.02371413543043547
112.30000000000001	0.023696236261222386
112.4	0.023678370756178693
112.5	0.02366053849197185
112.60000000000001	0.02364273949586919
112.7	0.023624973846570457
112.80000000000001	0.023607241180388608
112.9	0.023589541482753097
113.	0.023571874987021443
113.10000000000001	0.02355424102538184
113.2	0.023536647583498826
113.30000000000001	0.023519099990302827
113.4	0.023501583438942913
113.5	0.023484097928946505
113.60000000000001	0.023466643497158688
113.7	0.023449220546312426
113.80000000000001	0.023431828778413315
113.9	0.02341446604197497
114.	0.023397134128283013
114.10000000000001	0.023379832724270588
114.2	0.02336256239883087
114.30000000000001	0.02334469857081975
114.4	0.023327488678669336
114.5	0.023310318299945926
114.60000000000001	0.023293178447125095
114.7	0.023276068775690446
114.80000000000001	0.023258989573387134
114.9	0.023241940568117618
115.	0.023224921731015407
115.10000000000001	0.023208720830507255
115.2	0.023190981616817406
115.30000000000001	0.02317404648548185
115.4	0.02315714790369013
115.5	0.023141045337007494
115.60000000000001	0.02312344539570886
115.7	0.023106631517324772
115.80000000000001	0.023089851833832525
115.9	0.023073843628140838
116.	0.023056382439506373
116.10000000000001	0.02303968813818929
116.2	0.023023024517874854
116.30000000000001	0.023006389076594174
116.4	0.02298978153845479
116.5	0.02297320138777131
116.60000000000001	0.02295664812846666
116.7	0.02294012084089616
116.80000000000001	0.02292361872429452
116.9	0.022907140892229935
117.	0.022890686189588526
117.10000000000001	0.02287425312851829
117.2	0.022857840220934685
117.30000000000001	0.022841445363072314
117.4	0.02282508994219272
117.5	0.022808814317958656
117.60000000000001	0.02279256777528407
117.7	0.02277635020733779
117.80000000000001	0.022760161328165628
117.9	0.02274400089367571
118.	0.02272786941859866
118.10000000000001	0.022711766450117698
118.2	0.022695692470696
118.30000000000001	0.022679647405730332
118.4	0.022663631203062133
118.5	0.02264764251891243
118.60000000000001	0.022631678860330885
118.7	0.022615742855337434
118.80000000000001	0.02259983472334328
118.9	0.022584106942189926
119.	0.02256835814027801
119.10000000000001	0.02255257684206712
119.2	0.022536797801863948
119.30000000000001	0.0225210358389498
119.4	0.022505296350270192
119.5	0.02248958180403705
119.60000000000001	0.02247449454209402
119.7	0.02245823318575928
119.80000000000001	0.022442595903453114
119.9	0.02242698131582825
120.	0.02241139549006445
120.10000000000001	0.022395838167281926
120.2	0.02238030831148546
120.30000000000001	0.022364804733676108
120.4	0.022349327101666514
120.5	0.022333875353250862
120.60000000000001	0.02231844878454074
120.7	0.022303047016310446
120.80000000000001	0.02228766964328963
120.9	0.022272316338493563
121.	0.022256986235205823
121.10000000000001	0.02224167829951548
121.2	0.02222639202230778
121.30000000000001	0.022211785650610282
121.4	0.02219653068802564
121.5	0.022181314937532542
121.60000000000001	0.02216614445965977
121.7	0.022150287551556368
121.80000000000001	0.022135900372294706
121.9	0.022120101835487866
122.	0.022105043722587033
122.10000000000001	0.022090729210431214
122.2	0.022075724859039716
122.30000000000001	0.02206003632166627
122.4	0.022045079971943337
122.5	0.022030856957229908
122.60000000000001	0.02201525290727993
122.7	0.022001072154381292
122.80000000000001	0.021985520348503013
122.9	0.021971386141880954
123.	0.021956581773403948
123.10000000000001	0.021941801283966663
123.2	0.02192635572355019
123.30000000000001	0.021912313542558248
123.4	0.02189760840361086
123.5	0.02188292670387989
123.60000000000001	0.02186758770057623
123.7	0.021853635843507684
123.80000000000001	0.021839029079912444
123.9	0.021823769164870794
124.	0.021809208872872292
124.10000000000001	0.021794675517896524
124.2	0.02178016638291351
124.30000000000001	0.021766350917599275
124.4	0.021751222967733092
124.5	0.021737448861374097
124.60000000000001	0.021723034899513438
124.7	0.021708643524739554
124.80000000000001	0.021694276009880286
124.9	0.021679932227622344
125.	0.0216649576190919
125.10000000000001	0.021650660303384986
125.2	0.021636388992516523
125.30000000000001	0.02162214120405213
125.4	0.021608564896709006
125.5	0.021593718719639683
125.60000000000001	0.02157963825258976
125.7	0.021565483439437875
125.80000000000001	0.02155135132003026
125.9	0.02153724212588935
126.	0.021523155949202993
126.10000000000001	0.021509092838227512
126.2	0.02149505251788834
126.30000000000001	0.021481034992592515
126.4	0.021467040539412438
126.5	0.021453068717121816
126.60000000000001	0.02143911953117232
126.7	0.021425192986128185
126.80000000000001	0.021411289036269054
126.9	0.021397407587047446
127.	0.021383548613823432
127.10000000000001	0.021369711864337924
127.2	0.021355897647111953
127.30000000000001	0.021342105584900763
127.4	0.02132833584434095
127.5	0.02131458828738408
127.60000000000001	0.021300862772602742
127.7	0.02128715932528861
127.80000000000001	0.021273477904763114
127.9	0.021259818296193857
128.	0.021246180717417528
128.10000000000002	0.021232564892508705
128.2	0.021218970802331868
128.3	0.0212053987127163
128.4	0.021191848082795305
128.5	0.0211783189361046
128.60000000000002	0.021164811606866677
128.7	0.02115132558967863
128.8	0.02113786102922233
128.9	0.02112441808718472
129.	0.02111099636246749
129.1	0.021097595692415115
129.20000000000002	0.02108421656823825
129.3	0.021070858668701828
129.4	0.021057521642905766
129.5	0.021044205758151833
129.6	0.02103091098986046
129.70000000000002	0.02101763709491516
129.8	0.02100438425620486
129.9	0.020991152145985008
130.	0.020977940956123643
130.1	0.020964750335337543
130.20000000000002	0.020951580827658633
130.3	0.020938431470558287
130.4	0.020925303091172513
130.5	0.020912195147308608
130.6	0.020899107603545648
130.70000000000002	0.020886040743401217
130.8	0.0208729940201891
130.9	0.0208599679195189
131.	0.02084696189411794
131.1	0.020833976285092527
131.20000000000002	0.02082101081571597
131.3	0.020808073447609526
131.4	0.02079515678015406
131.5	0.020782259763329394
131.6	0.020769382590357485
131.70000000000002	0.020756524978500186
131.8	0.02074368711123691
131.9	0.020730868614791894
132.	0.02071806982098603
132.1	0.020705290725657303
132.20000000000002	0.020692530852490693
132.3	0.020679790750442347
132.4	0.020667069872857692
132.5	0.020654368563635166
132.6	0.020641685912457797
132.70000000000002	0.020629022183765916
132.8	0.02061637762042946
132.9	0.020603752191419192
133.	0.020591145934595916
133.1	0.020578558814086583
133.20000000000002	0.020565990802343594
133.3	0.0205534416190855
133.4	0.020540911713552986
133.5	0.020528422341080998
133.6	0.020515975422467674
133.70000000000002	0.020503539991731934
133.8	0.020491110270170435
133.9	0.02047868993303629
134.	0.02046628273216458
134.1	0.020453891075997935
134.20000000000002	0.020441516083963187
134.3	0.020429158113708136
134.4	0.020416817583453376
134.5	0.020404495054553065
134.6	0.020392190480467674
134.70000000000002	0.02037990397113882
134.8	0.020367635576733482
134.9	0.02035538527109679
135.	0.02034315339647489
135.1	0.020330939595528334
135.20000000000002	0.020318743977013866
135.3	0.020306566543776095
135.4	0.020294407129300505
135.5	0.020282266070686537
135.6	0.02027014310466605
135.70000000000002	0.020258037952424108
135.8	0.020245950733851804
135.9	0.02023387959320036
136.	0.02022182716448551
136.1	0.02020979307370035
136.20000000000002	0.02019777712864395
136.3	0.020185779032405295
136.4	0.020173798859281496
136.5	0.020161836523506147
136.6	0.020149891665320253
136.70000000000002	0.020137964868858743
136.8	0.020126055403914104
136.9	0.020114163637919666
137.	0.020102289231835966
137.1	0.020090432155606946
137.20000000000002	0.020078592592766453
137.3	0.02006677045450489
137.4	0.020054965383371797
137.5	0.020043177674249714
137.6	0.020031407037091983
137.70000000000002	0.020019653427308878
137.8	0.02000791692910837
137.9	0.019995610080988976
138.	0.019984399671325957
138.1	0.019972811130392842
138.20000000000002	0.01996114010905242
138.3	0.01994948806501675
138.4	0.019937852583182154
138.5	0.019926233688802444
138.6	0.019914031204443548
138.70000000000002	0.019902752907450322
138.8	0.019891489493920077
138.9	0.01987992155308744
139.	0.01986838533388098
139.1	0.019856242192454018
139.20000000000002	0.01984525183643056
139.3	0.019833255156877342
139.4	0.019822332425143672
139.5	0.01981030392616468
139.6	0.01979952482517845
139.70000000000002	0.01978739298923819
139.8	0.019776792784962794
139.9	0.0197646040345636
140.	0.019754057564627874
140.1	0.019741894820251894
140.20000000000002	0.019731375941622043
140.3	0.019719922604399684
140.4	0.019708622067053757
140.5	0.019696668960513797
140.6	0.019686210469812126
140.70000000000002	0.01967415776573416
140.8	0.01966372154878386
140.9	0.019651707860366272
141.	0.019641196911910342
141.1	0.019629979403516854
141.20000000000002	0.019618150655888313
141.3	0.019607684247786514
141.4	0.019595861905753208
141.5	0.01958542078902682
141.6	0.01957428627988296
141.70000000000002	0.019562546249621164
141.8	0.019552144485476666
141.9	0.019540416480281996
142.	0.01953003815392562
142.1	0.019518349038228383
142.20000000000002	0.019507994523326702
142.3	0.01949634098948436
142.4	0.019486014517012727
142.5	0.019474395001518395
142.6	0.019464096464741926
142.70000000000002	0.01945251077817621
142.8	0.019442240181742867
142.9	0.019430757834633446
143.	0.019420478054799042
143.1	0.01940964319201949
143.20000000000002	0.019398801987554504
143.3	0.01938796711385234
143.4	0.019377143955537524
143.5	0.019366333978513946
143.6	0.019355537993496756
143.70000000000002	0.019344756580675818
143.8	0.019333990270832244
143.9	0.0193232412153259
144.	0.01931250323836193
144.1	0.01930177965325953
144.20000000000002	0.01929107008501081
144.3	0.019280373311344638
144.4	0.019269686653099805
144.5	0.019259004512370413
144.6	0.019248320799259016
144.70000000000002	0.019237642223955416
144.8	0.0192270021373324
144.9	0.01921639721503413
145.	0.019205807071833163
145.1	0.0191952303246598
145.20000000000002	0.019184667535250687
145.3	0.019174119729281524
145.4	0.01916358684291603
145.5	0.019153068815307706
145.6	0.019142565195312457
145.70000000000002	0.019132076177007382
145.8	0.019121601477550258
145.9	0.019110788496919943
146.	0.019100729438000594
146.1	0.01909034439000682
146.20000000000002	0.019079946067475307
146.3	0.01906955159628438
146.4	0.019059167833030834
146.5	0.019048796216881856
146.6	0.019038437517508996
146.70000000000002	0.01902809205030813
146.8	0.019017759996626707
146.9	0.019007441526835953
147.	0.018997136456592848
147.1	0.018986845028935273
147.20000000000002	0.018976567261100027
147.3	0.018966303144333667
147.4	0.018956052502181495
147.5	0.018945815455587347
147.6	0.018935591713300948
147.70000000000002	0.018925381520011754
147.8	0.01891518462734987
147.9	0.018905001139590413
148.	0.018894830885530865
148.1	0.018884673690406518
148.20000000000002	0.018874529678183583
148.3	0.018864397604960288
148.4	0.018854278903458484
148.5	0.018844173248472172
148.6	0.018834080488574104
148.70000000000002	0.01882400081122279
148.8	0.018813938231072486
148.9	0.018803896000604264
149.	0.018793867479748986
149.1	0.018783852114459574
149.20000000000002	0.01877385030358029
149.3	0.018763587510146205
149.4	0.01875381334914139
149.5	0.018743650119243636
149.6	0.01873390726677386
149.70000000000002	0.018723767600727498
149.8	0.018714051109149494
149.9	0.018703937870357575
150.	0.018694247659125265
150.1	0.01868416093694745
150.20000000000002	0.018674496922363025
150.3	0.018664436356174645
150.4	0.018654798649936983
150.5	0.01864476406150091
150.6	0.01863515232062316
150.70000000000002	0.01862514377409037
150.8	0.018615558269325472
150.9	0.018605981263981667
151.	0.01859581488733053
151.1	0.018586255385448076
151.20000000000002	0.018576319108931334
151.3	0.01856679893854344
151.4	0.018556879416347292
151.5	0.018547385351627175
151.6	0.018537490607684053
151.70000000000002	0.018528023760287875
151.8	0.018518152648736463
151.9	0.0185087131428735
152.	0.018498865368777352
152.1	0.01848945286582056
152.20000000000002	0.018479628524256272
152.3	0.018470242039330367
152.4	0.01846044175462663
152.5	0.018451082402864652
152.6	0.018441305179180092
152.70000000000002	0.018431972017347222
152.8	0.018422218325705585
152.9	0.018412911614521122
153.	0.018403181044410615
153.1	0.01839390036194733
153.20000000000002	0.018384193269519303
153.3	0.018374938083080404
153.4	0.018365254484222795
153.5	0.018356025701353203
153.6	0.01834636487143089
153.70000000000002	0.01833716168419124
153.8	0.01832752388142907
153.9	0.01831834672863949
154.	0.01830873166256691
154.1	0.018299579476467303
154.20000000000002	0.018289987693947466
154.3	0.018280861022309434
154.4	0.018271291940834503
154.5	0.018262190401087397
154.60000000000002	0.01825264412107516
154.70000000000002	0.01824356781076545
154.8	0.018234044317823796
154.9	0.01822499260018994
155.	0.018215492006569287
155.10000000000002	0.018206465303029103
155.20000000000002	0.01819698709394354
155.3	0.018187985317926852
155.4	0.0181785294575539
155.5	0.0181695516735595
155.60000000000002	0.018160118759226386
155.70000000000002	0.01815116611453553
155.8	0.018141754998632655
155.9	0.01813282654301902
156.	0.01812343775303495
156.10000000000002	0.0181145335580448
156.20000000000002	0.01810516714880717
156.3	0.018096286870417738
156.4	0.01808694271735996
156.5	0.018078086381331883
156.60000000000002	0.018068764350195183
156.70000000000002	0.018059932158388466
156.8	0.0180506320442567
156.9	0.01804182360731253
157.	0.018032545390990567
157.10000000000002	0.018023760355076444
157.20000000000002	0.01801450421428029
157.3	0.018005742847182753
157.4	0.017996508446509716
157.5	0.017987770534510904
157.60000000000002	0.01797855792421581
157.70000000000002	0.017969843249331256
157.8	0.017960652250557766
157.9	0.017951961021913723
158.	0.017942791574593112
158.10000000000002	0.01793412320030134
158.20000000000002	0.017924975430506033
158.3	0.017916330116869997
158.4	0.017907203847226095
158.5	0.01789858151194764
158.60000000000002	0.017889476518096355
158.70000000000002	0.017880876580874838
158.8	0.01787179325614999
158.9	0.017863215946450607
159.	0.017854153969403885
159.10000000000002	0.017845599106856166
159.20000000000002	0.01783655847845994
159.3	0.017828025558346425
159.4	0.017819006623105725
159.5	0.017810496040026207
159.60000000000002	0.017801498066905768
159.70000000000002	0.01779300946541447
159.8	0.017784032900540838
159.9	0.017775566447870504
160.	0.017766610788959587
160.10000000000002	0.017758165948672217
160.20000000000002	0.017749231558863543
160.3	0.017740808546300287
160.4	0.01773189508025936
160.5	0.01772349355243598
160.60000000000002	0.017714601239491132
160.70000000000002	0.017706221611478383
160.8	0.017697349732564396
160.9	0.017688991266659064
161.	0.017680140601608833
161.10000000000002	0.017671803609481295
161.20000000000002	0.017662973541720965
161.3	0.01765465760033423
161.4	0.017645848438220153
161.5	0.017637553744931842
161.60000000000002	0.017628764983985523
161.70000000000002	0.017620491303076885
161.8	0.017611723259448223
161.9	0.017603470461077044
162.	0.017594722862773925
162.10000000000002	0.017586491118440767
162.20000000000002	0.01757776387519834
162.3	0.017569552743810946
162.4	0.01756084588380586
162.5	0.017552655441855206
162.60000000000002	0.017543968985173703
162.70000000000002	0.01753579912647709
162.8	0.01752713282413956
162.9	0.01751898381369278
163.	0.017510337433913503
163.10000000000002	0.017502208496362266
163.20000000000002	0.017493582445581742
163.3	0.017485473702052667
163.4	0.01747686772277879
163.5	0.017468784561727783
163.60000000000002	0.017460193568606584
163.70000000000002	0.01745189709539245
163.8	0.01744374829422217
163.9	0.01743525526376062
164.	0.017427204153258217
164.10000000000002	0.017418681724797533
164.20000000000002	0.017410647337655544
164.3	0.01740214669686902
164.4	0.01739389937300079
164.5	0.017385895624470654
164.60000000000002	0.01737741848873459
164.70000000000002	0.017369431855096984
164.8	0.017360981787278428
164.9	0.01735301486735693
165.	0.017344584501624315
165.10000000000002	0.01733663652008091
165.20000000000002	0.017328226252204492
165.3	0.017320297256885712
165.4	0.01731190675022726
165.5	0.017303996642512226
165.60000000000002	0.01729562594046324
165.70000000000002	0.01728773451257709
165.8	0.017279383688516673
165.9	0.01727151101693573
166.	0.0172631797944231
166.10000000000002	0.01725532588220206
166.20000000000002	0.017247014243066815
166.3	0.017239180425436387
166.4	0.017230886963769402
166.5	0.01722307989625514
166.60000000000002	0.0172147975350398
166.70000000000002	0.017207016633999542
166.8	0.017198746101872026
166.9	0.017190988116099117
167.	0.017182732281999593
167.10000000000002	0.017174997242308983
167.20000000000002	0.017166755961668157
167.3	0.017159045074042586
167.4	0.01715081718180783
167.5	0.017143128746112957
167.60000000000002	0.01713491556530622
167.70000000000002	0.017127248564089953
167.8	0.017119051070206018
167.9	0.01711140581257443
168.	0.017103223654865926
168.10000000000002	0.017095599519469828
168.20000000000002	0.017087432993096487
168.3	0.01707982986147179
168.4	0.017071679149124934
168.5	0.017064096090968862
168.60000000000002	0.01705596175379466
168.70000000000002	0.01704839929467081
168.8	0.017040280970006608
168.9	0.01703273737573397
169.	0.017024636354648147
169.10000000000002	0.01701711229626753
169.20000000000002	0.017009028094732762
169.3	0.017001523378183805
169.4	0.01699345578482983
169.5	0.01698596985745122
169.60000000000002	0.01697791932669368
169.70000000000002	0.01697045207629649
169.8	0.016962418776616004
169.9	0.016954969847674004
170.	0.016946953890820623
170.10000000000002	0.01693952285401422
170.20000000000002	0.01693152447957619
170.3	0.016924111489804643
170.4	0.01691613055311225
170.5	0.016908735353463114
170.60000000000002	0.016900771779971714
170.70000000000002	0.0168933941786122
170.8	0.01688544818411733
170.9	0.016877814873148492
171.	0.016870357890092134
171.10000000000002	0.016862526298317252
171.20000000000002	0.016855197976382665
171.3	0.01684729228687569
171.4	0.016839975231528744
171.5	0.016832090573206893
171.60000000000002	0.01682451966793102
171.70000000000002	0.01681711820419139
171.8	0.016809350858800448
171.9	0.01680208168555714
172.	0.016794237809387175
172.10000000000002	0.016786979802022945
172.20000000000002	0.016779156671798353
172.3	0.01677191546378596
172.4	0.01676410980151835
172.5	0.01675688515123829
172.60000000000002	0.01674909685239784
172.70000000000002	0.016741888721265096
172.8	0.016734117918340216
172.9	0.016726926050320754
173.	0.01671917263181288
173.10000000000002	0.016711997162015945
173.20000000000002	0.016704261010019733
173.3	0.01669683736965649
173.4	0.016689594521818125
173.5	0.01668195484580007
173.60000000000002	0.016674823614519493
173.70000000000002	0.01666712868683335
173.8	0.016660009517463697
173.9	0.016652333840093292
174.	0.016645231002121747
174.10000000000002	0.016637572273678746
174.20000000000002	0.016630485275710913
174.3	0.016622843780888557
174.4	0.01661577252527382
174.5	0.016608148083006143
174.60000000000002	0.01660109261687132
174.70000000000002	0.01659348517745879
174.8	0.01658644542828076
174.9	0.016578854856450404
175.	0.016571830797091444
175.10000000000002	0.016564257172447052
175.20000000000002	0.016557248672312595
175.3	0.01654969187256373
175.4	0.016542698972069423
175.5	0.01653515892437219
175.60000000000002	0.01652818147596286
175.70000000000002	0.016520658170333317
175.8	0.016513442990296993
175.9	0.01650641202742797
176.	0.01649896583539145
176.10000000000002	0.016492029178799453
176.20000000000002	0.016484546390956402
176.3	0.016477622529869236
176.4	0.016470157322883316
176.5	0.016463248688900443
176.60000000000002	0.016455800082041817
176.70000000000002	0.016448906537420885
176.8	0.0164414743714057
176.9	0.016434595937080076
177.	0.016427180236565354
177.10000000000002	0.01642031662797683
177.20000000000002	0.016412917259751997
177.3	0.016406068869465797
177.4	0.016398685691468302
177.5	0.016391852200507664
177.60000000000002	0.016384485184914525
177.70000000000002	0.016377422308620118
177.8	0.016370540744861783
177.9	0.016363241630154252
178.	0.016356205356280493
178.10000000000002	0.016349333258145596
178.20000000000002	0.01634206830581113
178.3	0.016335056149730798
178.4	0.01632820329458921
178.5	0.016320964333632167
178.60000000000002	0.016314214172511783
178.70000000000002	0.016306934646272666
178.8	0.016300196908389117
178.9	0.016292934012196208
179.	0.01628621046153482
179.10000000000002	0.016278963744557454
179.20000000000002	0.016272254346915507
179.3	0.01626502370875173
179.4	0.016258328461616015
179.5	0.016251113830251882
179.60000000000002	0.016244432811299163
179.70000000000002	0.016237233920716326
179.8	0.01623056705654038
179.9	0.01622338402922412
180.	0.016216731211078257
180.10000000000002	0.016209563921648913
180.20000000000002	0.01620292524039033
180.3	0.016195773580835075
180.4	0.016188917727533166
180.5	0.016182236444454698
180.60000000000002	0.0161751426859605
180.70000000000002	0.016168540585820818
180.8	0.01616142710812859
180.9	0.016154837397288402
181.	0.01614773992777664
181.10000000000002	0.016141164332367574
181.20000000000002	0.01613408207293085
181.3	0.016127520363325726
181.4	0.01612045348164331
181.5	0.016113905534906565
181.60000000000002	0.016106853896259272
181.70000000000002	0.016100319815572542
181.8	0.016093283213685236
181.9	0.016086763015187907
182.	0.016079741482694233
182.10000000000002	0.01607323503561304
182.20000000000002	0.016066228802664787
182.3	0.016059735567496524
182.4	0.016052745336944035
182.5	0.016046264396044167
182.60000000000002	0.01603929037033453
182.70000000000002	0.016032821773573427
182.8	0.016025863844362213
182.9	0.01601940752264141
183.	0.016012465789556462
183.10000000000002	0.016006021829594656
183.20000000000002	0.015999095988215754
183.3	0.015992664218462894
183.4	0.015985754361532684
183.5	0.01597933492528266
183.60000000000002	0.015972440951816495
183.70000000000002	0.015966033622715654
183.8	0.015959155457025982
183.9	0.01595276027784387
184.	0.015945897849229635
184.10000000000002	0.01593951478823066
184.20000000000002	0.01593266813775383
184.3	0.015926297141398937
184.4	0.015919466151705492
184.5	0.015913107356806344
184.60000000000002	0.015906291745610635
184.70000000000002	0.01589994502349722
184.8	0.015893144970399786
184.9	0.01588681019613723
185.	0.01588006352037972
185.10000000000002	0.015873589612517742
185.20000000000002	0.015866927991502734
185.3	0.015860411579880083
185.4	0.01585408090799088
185.5	0.015847382278861167
185.60000000000002	0.015840953241029895
185.70000000000002	0.0158343535118705
185.8	0.015827989453206685
185.9	0.015821358148757056
186.	0.015814991388099043
186.10000000000002	0.0158083868837998
186.20000000000002	0.01580204193082372
186.3	0.01579544347115941
186.4	0.015789111326426197
186.5	0.01578252652158293
186.60000000000002	0.015776210418766652
186.70000000000002	0.015769636409982416
186.8	0.015763334780921866
186.9	0.015756772866378835
187.	0.01575048516009106
187.10000000000002	0.01574393569723756
187.20000000000002	0.015737662787233042
187.3	0.015731125215557095
187.4	0.015724866347991924
187.5	0.01571834096780356
187.60000000000002	0.01571209640490182
187.70000000000002	0.01570558304074035
187.8	0.015699352005819126
187.9	0.015692851146962714
188.	0.015686634214994943
188.10000000000002	0.01568014549923501
188.20000000000002	0.015673942174669133
188.3	0.0156674657727495
188.4	0.015661276179447063
188.5	0.0156548120278452
188.60000000000002	0.015648635643967578
188.70000000000002	0.015642184034474545
188.8	0.015636021469026425
188.9	0.01562958198436619
189.	0.015623432347118011
189.10000000000002	0.015617005421234884
189.20000000000002	0.015610869076592784
189.3	0.015604454598262313
189.4	0.015598331006198082
189.5	0.015591929102691717
189.60000000000002	0.015585818862547047
189.70000000000002	0.015579429277250598
189.8	0.015573331432069565
189.9	0.01556695453125619
190.	0.015560869604784264
190.10000000000002	0.015554505277719084
190.20000000000002	0.015548433033520237
190.3	0.015542081094394615
190.4	0.015536021658084058
190.5	0.015529682003239276
190.60000000000002	0.01552363502460715
190.70000000000002	0.015517308036577613
190.8	0.015511273595648275
190.9	0.015504958906050139
191.	0.015498936902553117
191.10000000000002	0.015492634638539685
191.20000000000002	0.015486625146137793
191.3	0.015480335291779274
191.4	0.01547433792664767
191.5	0.015468060505320286
191.60000000000002	0.015462075531875653
191.70000000000002	0.015455810387416601
191.8	0.015449837526744458
191.9	0.015443584880342979
192.	0.015437624220915174
192.10000000000002	0.015431383700845375
192.20000000000002	0.015425435212656312
192.3	0.015419207073344236
192.4	0.015413270531123312
192.5	0.015407054664891725
192.60000000000002	0.015401130092403044
192.70000000000002	0.01539492656918357
192.8	0.015389013929183761
192.9	0.01538282255511209
193.	0.015376921862777048
193.10000000000002	0.01537074262028389
193.20000000000002	0.015364968449540242
193.3	0.015358692093514275
193.4	0.015352800700722292
193.5	0.015346654409412486
193.60000000000002	0.01534079016300783
193.70000000000002	0.015334646844243566
193.8	0.015328793202308635
193.9	0.015322662413533512
194.	0.015316820574187347
194.10000000000002	0.015310701765538363
194.20000000000002	0.015304871553266437
194.3	0.015298764874650659
194.4	0.015292946239144125
194.5	0.015286851459041444
194.60000000000002	0.015281044301876162
194.70000000000002	0.015274961457435359
194.8	0.01526916605681096
194.9	0.015263095097999528
195.	0.01525731090153414
195.10000000000002	0.015251251823389144
195.20000000000002	0.01524547906925798
195.3	0.015239431932174767
195.4	0.015233670604040487
195.5	0.015227635227761127
195.60000000000002	0.015221885280264897
195.70000000000002	0.015215861644026192
195.8	0.015210122988930536
195.9	0.015204111086063742
196.	0.015198383782017242
196.10000000000002	0.015192383572431694
196.20000000000002	0.015186667360257934
196.3	0.015180678878101192
196.4	0.015174973934351396
196.5	0.015168997131869437
196.60000000000002	0.015163303240651961
196.70000000000002	0.01515733804025694
196.8	0.015151655292841196
196.9	0.015145701589122982
197.	0.015140030139818107
197.10000000000002	0.015134087953898253
197.20000000000002	0.015128427396718942
197.3	0.015122496766988455
197.4	0.015116847327417395
197.5	0.01511092804402646
197.60000000000002	0.015105289473316184
197.70000000000002	0.015099381841952109
197.8	0.015093754292217864
197.9	0.01508785782356613
198.	0.015082241191389765
198.10000000000002	0.015076356178554661
198.20000000000002	0.015070750437970765
198.3	0.015064876708233038
198.4	0.01505928175275818
198.5	0.015053419455174072
198.60000000000002	0.015047835124910232
198.70000000000002	0.015041984192201801
198.8	0.015036410407852124
198.9	0.015030570948606574
199.	0.015025007685225538
199.10000000000002	0.015019179725895029
199.20000000000002	0.015013626973531497
199.3	0.015007810274723777
199.4	0.015002267984383963
199.5	0.014996462651494439
199.60000000000002	0.014990931006281254
199.70000000000002	0.01498513679278997
199.8	0.01497961548749038
199.9	0.014973832582249404
200.	0.014968321837423066