200.	0.014967902466895019
199.9	0.014973931853851222
199.8	0.014979581530006166
199.7	0.014985236664566023
199.6	0.014990897204638308
199.5	0.01499656316974956
199.4	0.01500223462501914
199.3	0.015007911450341173
199.2	0.01501359370169108
199.1	0.01501928145879819
199.	0.015024974702803935
198.9	0.01503067345331446
198.8	0.015036377675411192
198.7	0.015042087209183406
198.6	0.01504780229519939
198.5	0.015053522768474603
198.4	0.015059248911195703
198.3	0.015064980488618429
198.2	0.015070717571688697
198.1	0.015076460326308532
198.	0.015082208561649426
197.9	0.015087962374726645
197.8	0.015093721693975232
197.7	0.01509948668406055
197.6	0.01510525719011346
197.5	0.015111033299557635
197.4	0.015116815003534364
197.3	0.015122602375905823
197.2	0.015128395300705276
197.1	0.01513419391896605
197.	0.015139998190703307
196.9	0.01514581055664354
196.8	0.015151632167923056
196.7	0.015157458986540712
196.6	0.01516315873958409
196.5	0.01516912673096043
196.4	0.015174842269555424
196.3	0.015180816033575876
196.2	0.01518668021721438
196.1	0.015192504987606966
196.	0.015198328006875353
195.9	0.015204219282757832
195.8	0.015210013998866886
195.7	0.0152160080069951
195.6	0.015221847726280803
195.5	0.015227671970351651
195.4	0.015233568100863296
195.3	0.015239468355947132
195.2	0.015245375455438802
195.1	0.015251315875210638
195.	0.015257319692372574
194.9	0.015263241022526481
194.8	0.01526912560047317
194.7	0.015275062821033334
194.6	0.015281001579239019
194.5	0.015286989847212818
194.4	0.015292813679172965
194.3	0.015298762792238534
194.2	0.015304707266938972
194.1	0.015310665942986006
194.	0.015316643804810544
193.9	0.015322627671385172
193.8	0.015328617471196302
193.7	0.015334613343501183
193.6	0.01534061526237086
193.5	0.015346623445846393
193.4	0.015352638077722556
193.3	0.015358658063369716
193.2	0.015364683114343245
193.1	0.015370738986731133
193.	0.01537693883885528
192.9	0.015382962899293504
192.8	0.015388614522964295
192.7	0.01539514045095697
192.6	0.015401115198674376
192.5	0.015407110906597996
192.4	0.015413182284456666
192.3	0.015419259616719565
192.2	0.015425462679924987
192.1	0.01543152228448697
192.	0.015437611808939626
191.9	0.015443639698925885
191.8	0.015449739019587839
191.7	0.015455921896476921
191.6	0.015462082591728892
191.5	0.015468256052321896
191.4	0.015474378267870958
191.3	0.015480508648153722
191.2	0.015486655621441718
191.1	0.015492808635410237
191.	0.015498967992284143
190.9	0.015505133470146062
190.8	0.0155113051512051
190.7	0.015517276851047944
190.6	0.015523667051440895
190.5	0.015529856879171956
190.4	0.01553605325000002
190.3	0.015542255924529859
190.2	0.015548464966642396
190.1	0.015554680208584932
190.	0.01556090178536069
189.9	0.01556712982032587
189.8	0.015573364052233769
189.7	0.015579604641206125
189.6	0.015585851588391205
189.5	0.015592104959129093
189.4	0.015598364602762066
189.3	0.015604630661227312
189.2	0.015610903175480039
189.1	0.0156171820088613
189.	0.015623467203347207
188.9	0.01562975886595645
188.8	0.01563584256590723
188.7	0.015642361509940514
188.6	0.015648672416582417
188.5	0.015654774269735293
188.4	0.01566067168103602
188.3	0.015667644367434685
188.2	0.015673989166742563
188.1	0.01568033717886491
188.	0.015686691293775337
187.9	0.015693051502093054
187.8	0.015699417362870415
187.7	0.015705789444809288
187.6	0.0157119996178903
187.5	0.01571808586288745
187.4	0.01572487084034754
187.3	0.015731269969429047
187.2	0.015737637526706882
187.1	0.015744050772938743
187.	0.015750517485949824
186.9	0.015756814668096943
186.8	0.015763243213219997
186.7	0.015769677094273488
186.6	0.015776118696866282
186.5	0.01578260957477309
186.4	0.015789150032005976
186.3	0.015795579676178242
186.2	0.01580202376079834
186.1	0.015808561234216298
186.	0.01581502344067764
185.9	0.01582144761010095
185.8	0.015827929883519387
185.7	0.015834410008118704
185.6	0.01584091152359481
185.5	0.01584742741032316
185.4	0.015854084696309126
185.3	0.015860479588847107
185.2	0.015867016079310427
185.1	0.015873559440632797
185.	0.01588011031560295
184.9	0.015886666947547007
184.8	0.015893365152047246
184.7	0.0158999124979173
184.6	0.015906489308837982
184.5	0.015912958880305545
184.4	0.015919554617489104
184.3	0.015926224828147144
184.2	0.015932752558418747
184.1	0.015938989755701627
184.	0.015945979790394565
183.9	0.015952240451022937
183.8	0.0159594375658373
183.7	0.01596598714542655
183.6	0.015972587223511005
183.5	0.015979271880308656
183.4	0.015985947730214195
183.3	0.01599245093502801
183.2	0.01599911021593519
183.1	0.01600575750489463
183.	0.01601243061718011
182.9	0.016019123880211095
182.8	0.016025823968138186
182.7	0.016032531134394123
182.6	0.016039245029213195
182.5	0.01604596566647371
182.4	0.016052692723828626
182.3	0.016059426767361315
182.2	0.01606616771075719
182.1	0.016072915696650352
182.	0.016079670498024203
181.9	0.016086432229301846
181.8	0.01609320081989686
181.7	0.01609997632156139
181.6	0.016106758795323445
181.5	0.016113548034899786
181.4	0.016120344846345103
181.3	0.01612715552854136
181.2	0.01613397347715418
181.1	0.016140798668025935
181.	0.016147631233107345
180.9	0.016154471006502923
180.8	0.01616131818303907
180.7	0.01616817272402689
180.6	0.016175034612030462
180.5	0.016181903861930517
180.4	0.01618878052424102
180.3	0.016195664544256888
180.2	0.016202555929297088
180.1	0.01620945475663643
180.	0.016216361076522683
179.9	0.016223274717293075
179.8	0.01623019588683409
179.7	0.016237124600301116
179.6	0.01624406070822283
179.5	0.016251004345778933
179.4	0.016257955454823857
179.3	0.016264914160202013
179.2	0.016271880391931275
179.1	0.016278854129390844
179.	0.016285835403378367
178.9	0.01629282428713599
178.8	0.016299820738224603
178.7	0.016306824724655458
178.6	0.016313836459134118
178.5	0.01632116191397657
178.4	0.01632788240040788
178.3	0.01633491731842777
178.2	0.016341959524195794
178.1	0.016349009495307945
178.	0.016356067182167425
177.9	0.016363132490509552
177.8	0.016370205497969904
177.7	0.016377286260254163
177.6	0.01638437480075221
177.5	0.016391471095911554
177.4	0.01639857489210308
177.3	0.016405686496673552
177.2	0.016412805868809083
177.1	0.016419933116760998
177.	0.016427068070715627
176.9	0.016434210960140114
176.8	0.01644136176661153
176.7	0.016448520315674363
176.6	0.016455686855109928
176.5	0.016462861190556104
176.4	0.016470043458823646
176.3	0.016477233751741212
176.2	0.016484431932827642
176.1	0.016491638068351844
176.	0.016499170550783173
175.9	0.01650607379811081
175.8	0.01651330421941567
175.7	0.016520542386665747
175.6	0.016527788457084604
175.5	0.01653504266464965
175.4	0.01654230475455659
175.3	0.016549575051992445
175.2	0.01655685340393439
175.1	0.01656413981236281
175.	0.016571434362690853
174.9	0.01657873701379543
174.8	0.016586047882390344
174.7	0.016593366822768737
174.6	0.016600693908061005
174.5	0.016608355773866917
174.4	0.016615372324513367
174.3	0.01662272445010243
174.2	0.016630084359179752
174.1	0.016637452538953133
174.	0.016644828951073103
173.9	0.016652213685088013
173.8	0.01665960665662373
173.7	0.016667007815453074
173.6	0.01667441748397855
173.5	0.016681835394544646
173.4	0.016689261526068186
173.3	0.0166966962478088
173.2	0.01670413920945034
173.1	0.016711590577356453
173.	0.016719050330747193
172.9	0.016726518605647632
172.8	0.01673399518996102
172.7	0.016741480314028043
172.6	0.01674897376159784
172.5	0.01675647587018996
172.4	0.01676398627289532
172.3	0.01677150532930495
172.2	0.016779032791664462
172.1	0.016786568848905968
172.	0.01679411352316719
171.9	0.01680166667368344
171.8	0.016809228417945483
171.7	0.016816798758373042
171.6	0.016824377815671865
171.5	0.016831965405838336
171.4	0.01683956160500822
171.3	0.01684716653135266
171.2	0.016854780197353224
171.1	0.016862402447902568
171.	0.016870033418532524
170.9	0.0168776732397569
170.8	0.016885321675841693
170.7	0.016892978910800893
170.6	0.016900644906681365
170.5	0.016908319705683558
170.4	0.01691600327985259
170.3	0.016923695675365842
170.2	0.01693139690501951
170.1	0.016939107013668433
170.	0.01694682599680161
169.9	0.01695455381777528
169.8	0.016962290544715344
169.7	0.01697003624325316
169.6	0.016977790759064786
169.5	0.016985554432652077
169.4	0.01699332690347308
169.3	0.017001108386286292
169.2	0.017008898888673768
169.1	0.01701669838214225
169.	0.017024506955810724
168.9	0.017032324602676396
168.8	0.017040151205339506
168.7	0.017047986927824173
168.6	0.017055831725909194
168.5	0.017063685732684002
168.4	0.0170715488301597
168.3	0.017079421118359063
168.2	0.01708730240849603
168.1	0.01709519298992049
168.	0.01710309282317818
167.9	0.01711100176597027
167.8	0.017118920077951242
167.7	0.01712684756749724
167.6	0.01713514905407565
167.5	0.017142729850350164
167.4	0.017150685627059757
167.3	0.017158650261720077
167.2	0.017166624316101345
167.1	0.017174975325118885
167.	0.017182599890159616
166.9	0.017190602484243655
166.8	0.017198613945362
166.7	0.017206634920039356
166.6	0.017214665321458458
166.5	0.017222705193364055
166.4	0.01723075443328143
166.3	0.017238813204707413
166.2	0.017246881518941673
166.1	0.017254959491018147
166.	0.017263046862078756
165.9	0.0172711439045201
165.8	0.017279250373424794
165.7	0.01728736658630051
165.6	0.01729549234046236
165.5	0.017303627743322558
165.4	0.017312150525932303
165.3	0.017319927027729422
165.2	0.01732809196306612
165.1	0.017336266199260018
165.	0.017344450048141766
164.9	0.01735302457417982
164.8	0.017360846545271744
164.7	0.017369060300052922
164.6	0.01737728323237182
164.5	0.017385515992113788
164.4	0.017393758701129247
164.3	0.01740201121836986
164.2	0.017410273533159406
164.1	0.017418545813185308
164.	0.01742682801776064
163.9	0.017435120130645076
163.8	0.017443422222520228
163.7	0.0174517342606071
163.6	0.017460056274359387
163.5	0.01746838842741828
163.4	0.017476730448521716
163.3	0.01748508263774495
163.2	0.0174934448092311
163.1	0.017501817125401414
163.	0.017510592169580428
162.9	0.01751859144698339
162.8	0.01752699465396764
162.7	0.017535407509949287
162.6	0.017543830511248408
162.5	0.017552263716805336
162.4	0.01756070712351799
162.3	0.0175691608317252
162.2	0.017577624801125825
162.1	0.017586099041021555
162.	0.01759458350916066
161.9	0.017603078358855155
161.8	0.017611583557264963
161.7	0.01762050029933303
161.6	0.017628624444821914
161.5	0.017637563850280074
161.4	0.017645707580200568
161.3	0.0176542652501994
161.2	0.017662832892497413
161.1	0.017671411044489115
161.	0.01767999971341741
160.9	0.01768859886564613
160.8	0.017697208666161025
160.7	0.017705828878150708
160.6	0.017714459676795396
160.5	0.017723101214166714
160.4	0.017731753260418377
160.3	0.017740416061295904
160.2	0.017749500775881052
160.1	0.01775777298568019
160.	0.017766468419217286
159.9	0.017775173860048375
159.8	0.017783890204124356
159.7	0.017792617180647726
159.6	0.0178013550280252
159.5	0.017810519908600417
159.4	0.01781886267537581
159.3	0.017827633630634963
159.2	0.017836414760318067
159.1	0.017845206952742606
159.	0.01785401007854804
158.9	0.017862824027696154
158.8	0.017871649011506178
158.7	0.01788048499846137
158.6	0.017889754497786212
158.5	0.01789818929539564
158.4	0.017907058885330868
158.3	0.017915939075343404
158.2	0.017924830265689678
158.1	0.01793373263369244
158.	0.01794264602113938
157.9	0.017951570704302606
157.8	0.017960506458797154
157.7	0.017969453543895633
157.6	0.017978411774633767
157.5	0.01798738122235917
157.4	0.017996362028886017
157.3	0.01800535407868186
157.2	0.0180143575271635
157.1	0.018023372166158153
157.	0.018032398278249845
156.9	0.018041435693857976
156.8	0.018050484653916506
156.7	0.018059544977233066
156.6	0.018068616647507776
156.5	0.018077699948074257
156.4	0.018086794601724764
156.3	0.018095900872733942
156.2	0.018105018682747807
156.1	0.018114148050311224
156.	0.01812328909661534
155.9	0.018132441660139054
155.8	0.018141605899523287
155.7	0.01815078185509908
155.6	0.018159969314365296
155.5	0.01816916873928637
155.4	0.01817837970118842
155.3	0.01818760246168991
155.2	0.018196836991400223
155.1	0.018206083445108937
155.	0.018215341526213645
154.9	0.01822461154347597
154.8	0.01823389352840176
154.7	0.018243187359650415
154.6	0.018252493184932432
154.5	0.01826181078660479
154.4	0.018271140453453284
154.3	0.018280482095937328
154.2	0.018289835856995826
154.1	0.018299201600426758
154.	0.018308579469725784
153.9	0.018317969242908166
153.8	0.018327372410075513
153.7	0.01833678967205357
153.6	0.018346219051139326
153.5	0.018355660572912765
153.4	0.01836511423229208
153.3	0.018374580163958838
153.2	0.018384058441055444
153.1	0.01839354895585705
153.	0.01840305176677821
152.9	0.018412566773658233
152.8	0.018422094273601062
152.7	0.018431634128400654
152.6	0.01844118625589484
152.5	0.018450750914916596
152.4	0.018460328051336385
152.3	0.01846991772478634
152.2	0.018479519780910572
152.1	0.018489134501315924
152.	0.018498761685019564
151.9	0.018508401490347066
151.8	0.01851805379577168
151.7	0.01852771887402795
151.6	0.018537396563269002
151.5	0.018547086954079226
151.4	0.018556790140913375
151.3	0.018566506010583926
151.2	0.01857623465489476
151.1	0.01858597625431918
151.	0.018595730569307942
150.9	0.018605497699934075
150.8	0.018615277621470628
150.7	0.01862507055850248
150.6	0.01863487633639793
150.5	0.018644695142409833
150.4	0.01865452684511987
150.3	0.0186643717271986
150.2	0.018674229624319635
150.1	0.018684100516792652
150.	0.018693984538765494
149.9	0.018703881837246247
149.8	0.018713792230782015
149.7	0.018723715724479312
149.6	0.018733652498734026
149.5	0.018743602188760384
149.4	0.018753564980309743
149.3	0.018763541230553925
149.2	0.018773530684905716
149.1	0.01878353348977162
149.	0.01879354967679629
148.9	0.01880357929243362
148.8	0.018813622380867586
148.7	0.01882367886527846
148.6	0.01883374882636777
148.5	0.018843832435165672
148.4	0.01885392942390132
148.3	0.018864040082028848
148.2	0.01887416434467261
148.1	0.018884302290414517
148.	0.018894467323395198
147.9	0.0189046554928962
147.8	0.01891485545958106
147.7	0.018925067118293885
147.6	0.01893528976973129
147.5	0.018945522640033807
147.4	0.018955770716821252
147.3	0.01896621957363451
147.2	0.018976561869801442
147.1	0.018986147228123407
147.	0.018996430639233716
146.9	0.01900676259387534
146.8	0.019017659839264543
146.7	0.01902799746001472
146.6	0.019038342034934617
146.5	0.019048702344277274
146.4	0.019059154222582163
146.3	0.019069570471434767
146.2	0.019079859933823128
146.1	0.01909028101047711
146.	0.019100828920257804
145.9	0.01911118679580538
145.8	0.019120927317044966
145.7	0.019131415920673255
145.6	0.019142498146604982
145.5	0.019152957161050272
145.4	0.01916276652284068
145.3	0.01917400790227728
145.2	0.0191845576755323
145.1	0.019195121142693148
145.	0.019204995765455406
144.9	0.019215584066517785
144.8	0.0192268975709702
144.7	0.019237615508485295
144.6	0.0192483828770342
144.5	0.01925895224242345
144.4	0.0192693051320113
144.3	0.019279770437278604
144.2	0.019290933028183313
144.1	0.019301545023244868
144.	0.019312265375000456
143.9	0.01932310473479212
143.8	0.019333529877340903
143.7	0.019344245847947465
143.6	0.019354857387056792
143.5	0.01936636228762442
143.4	0.019376999380420343
143.3	0.019387795588052446
143.2	0.01939859664974191
143.1	0.01940972572366306
143.	0.019420330616943773
142.9	0.019431220573974967
142.8	0.019442125854833858
142.7	0.01945304641671531
142.6	0.019463981099499476
142.5	0.01947493112947186
142.4	0.01948589679263937
142.3	0.019496878215631896
142.2	0.01950787530773537
142.1	0.01951888791205744
142.	0.01952991626722632
141.9	0.01954096040072217
141.8	0.019552020168928836
141.7	0.01956309565791186
141.6	0.019574187138375877
141.5	0.01958529409597041
141.4	0.019596417179000604
141.3	0.019607555973158986
141.2	0.019618992214652915
141.1	0.019629880851753854
141.	0.019641067837199457
140.9	0.019652270398098515
140.8	0.019663500875007348
140.7	0.019674757131083794
140.6	0.019686027669325496
140.5	0.01969731247255201
140.4	0.01970860929993874
140.3	0.019719920064853486
140.2	0.019731318367060286
140.1	0.01974270762386424
140.	0.019753981273737672
139.9	0.019765320837721003
139.8	0.01977684010184929
139.7	0.019787465893460122
139.6	0.019799000640629318
139.5	0.019810309243374083
139.4	0.019821752599251403
139.3	0.019833234413134445
139.2	0.01984489144300391
139.1	0.019856963127704606
139.	0.01986847097004098
138.9	0.019879935748559174
138.8	0.019891358955251556
138.7	0.019902884437100008
138.6	0.019914417880562873
138.5	0.019926015944844496
138.4	0.01993763082367594
138.3	0.01994926267493231
138.2	0.019960911988022488
138.1	0.019972579366875406
138.	0.019984264128255613
137.9	0.019995962527135144
137.8	0.020007747590706275
137.7	0.02001970408714126
137.6	0.02003067205264355
137.5	0.020042436690076777
137.4	0.020054467411376578
137.3	0.0200667642935337
137.2	0.020078501924541525
137.1	0.020090335767124188
137.	0.02010228352121479
136.9	0.020114178649734655
136.8	0.02012593056542745
136.7	0.020137926053711022
136.6	0.02014988285630376
136.5	0.020160862907771214
136.4	0.020173735476436506
136.3	0.020185471775712963
136.2	0.02019746301234193
136.1	0.0202099355306796
136.	0.02022149608520213
135.89999999999998	0.02023401595142167
135.8	0.02024560387253547
135.7	0.02025769027581637
135.6	0.020269787426366564
135.5	0.020282390112594452
135.39999999999998	0.020293044385781656
135.3	0.02030669245309032
135.2	0.02031834485948865
135.1	0.020330540191497038
135.	0.020343261004640983
134.89999999999998	0.02035495577235419
134.8	0.02036773610786112
134.7	0.020379995001708555
134.6	0.02039228395444279
134.5	0.02040459191137891
134.39999999999998	0.02041691844575504
134.3	0.0204292636432256
134.2	0.020441627427154444
134.1	0.020453459757272117
134.	0.02046641190288927
133.89999999999998	0.02047883155192569
133.8	0.0204912707230386
133.7	0.02050372848584773
133.6	0.020516205476420347
133.5	0.02052814398442099
133.39999999999998	0.02054121702120236
133.3	0.020553750623754873
133.2	0.020566303955060008
133.1	0.020578313926880944
133.	0.020590905503010244
132.89999999999998	0.020604079852035426
132.8	0.020616709576211898
132.7	0.02062935928968389
132.6	0.020642028443129096
132.5	0.02065414703030898
132.39999999999998	0.02066742604888597
132.3	0.020680153061193782
132.2	0.020692900692395294
132.1	0.020705667681707313
132.	0.020718454472588306
131.89999999999998	0.020731261111038696
131.8	0.020744087583330097
131.7	0.020756933962411437
131.6	0.0207692185072134
131.5	0.02078268694580995
131.39999999999998	0.02079559249211269
131.3	0.020808518733737322
131.2	0.020821465210111894
131.1	0.02083443185755707
131.	0.020846829682727646
130.89999999999998	0.02086042618774813
130.8	0.020873453005830375
130.7	0.020886500890019158
130.6	0.020899569148546782
130.5	0.020912063015277378
130.39999999999998	0.020925767701625214
130.3	0.020938896915814333
130.2	0.020951449630820865
130.1	0.020964620481362342
130.	0.02097781150104874
129.89999999999998	0.02099162393878598
129.8	0.021004857329662688
129.7	0.021018111895094525
129.6	0.021030783527279166
129.5	0.021044079269094684
129.39999999999998	0.021058000452159602
129.3	0.021070728795757117
129.2	0.021084697188935998
129.1	0.021098076344681523
129.	0.021111477722498447
128.89999999999998	0.02112490050618985
128.8	0.021138344333429964
128.7	0.021151809722911145
128.6	0.021164710372691586
128.5	0.021178826483665425
128.39999999999998	0.021191841462374916
128.3	0.02120540047616819
128.2	0.021217968775049525
128.1	0.021233134162352882
128.	0.021246646678925882
127.89999999999999	0.021259928361763665
127.8	0.021273576499139017
127.7	0.021287253072971444
127.6	0.021301212954415356
127.5	0.021314049694810346
127.39999999999999	0.021328031490092998
127.3	0.021342400646647396
127.2	0.021356072380364514
127.1	0.02136983089707235
127.	0.0213836700038619
126.89999999999999	0.021397531640314743
126.8	0.021411417128701267
126.7	0.021425328922678424
126.6	0.02143925565301884
126.5	0.02145355883761766
126.39999999999999	0.0214675196497374
126.3	0.02148032690212649
126.2	0.021495567407066367
126.1	0.021508319151658656
126.	0.02152225343676905
125.89999999999999	0.021537427927831695
125.8	0.021550989178674446
125.7	0.021565777973843698
125.6	0.021579489861840107
125.5	0.02159366900036566
125.39999999999999	0.021607870048470444
125.3	0.02162209398938831
125.2	0.02163634077360506
125.1	0.021650606992412537
125.	0.021664897848813272
124.89999999999999	0.021679212858866162
124.8	0.021693552288295007
124.7	0.021707915569612723
124.6	0.02172230294949061
124.5	0.02173671447529211
124.39999999999999	0.021751149865253873
124.3	0.021765609217556645
124.2	0.02178009276183738
124.1	0.021794600288443107
124.	0.02180913196758435
123.89999999999999	0.02182369245858828
123.8	0.021838333423900635
123.7	0.02185299349335172
123.6	0.021867664972588068
123.5	0.02188244134679336
123.39999999999999	0.02189748755785828
123.3	0.021912241398161024
123.19999999999999	0.02192677811924658
123.1	0.02194152961799348
123.	0.021956356458888812
122.89999999999999	0.021971283489359866
122.8	0.021985971080681916
122.69999999999999	0.022000936540002142
122.6	0.02201552585599943
122.5	0.02203033931253358
122.39999999999999	0.022045268440856858
122.3	0.022060222420568324
122.19999999999999	0.022073984876165458
122.1	0.02209021071922329
122.	0.022105260122686345
121.89999999999999	0.022120694443831693
121.8	0.022135761942751294
121.69999999999999	0.02215046285011166
121.6	0.022165584886200438
121.5	0.022180933917087087
121.39999999999999	0.022195079149287488
121.3	0.022211541419841684
121.19999999999999	0.02222640380360322
121.1	0.022241581678731717
121.	0.022257365928177078
120.89999999999999	0.022272663484008824
120.8	0.02228799153476033
120.69999999999999	0.022302804177367984
120.6	0.022318736763039464
120.5	0.022334124608043054
120.39999999999999	0.022349552184520324
120.3	0.022365003300475462
120.19999999999999	0.022380502176205595
120.1	0.022396029810624454
120.	0.022411584522664663
119.89999999999999	0.02242720642154913
119.8	0.02244281094533677
119.69999999999999	0.02245846328398345
119.6	0.022474271429231224
119.5	0.022489996092383342
119.39999999999999	0.022505710200934923
119.3	0.02252143757054983
119.19999999999999	0.022537177250699605
119.1	0.022552920087863318
119.	0.022568685464613793
118.89999999999999	0.022584542045698465
118.8	0.022600426361722575
118.69999999999999	0.022616338707632872
118.6	0.022632279725531758
118.5	0.02264825072739756
118.39999999999999	0.022664245501804892
118.3	0.022680324542600546
118.19999999999999	0.022696501919773036
118.1	0.022712393025944737
118.	0.022728700131350137
117.89999999999999	0.022743820339760093
117.8	0.022760117991659737
117.69999999999999	0.022775951238250554
117.6	0.022792156564281123
117.5	0.022808385813086484
117.39999999999999	0.022824974059918207
117.3	0.02284223430479601
117.19999999999999	0.022858517825076318
117.1	0.02287460502966105
117.	0.022890948914788704
116.89999999999999	0.022907262643859578
116.8	0.022923694115122687
116.69999999999999	0.022940169938315203
116.6	0.022956674317090447
116.5	0.022973207527688284
116.39999999999999	0.02298976985639176
116.3	0.023006360217812574
116.19999999999999	0.023022978115284257
116.1	0.023039625416148023
116.	0.023056302271130612
115.89999999999999	0.023073008367265075
115.8	0.023089743615150368
115.69999999999999	0.023106508305018224
115.6	0.023123302276654652
115.5	0.023140125659929768
115.39999999999999	0.023156981606668188
115.3	0.023173886782239344
115.19999999999999	0.02319082256410984
115.1	0.023207789189248217
115.	0.023224786686638143
114.89999999999999	0.023241815233064917
114.8	0.023258874849883458
114.69999999999999	0.023275965549213837
114.6	0.023293087614491993
114.5	0.023310240860180905
114.39999999999999	0.023327425883786595
114.3	0.02334464215223991
114.19999999999999	0.023361889989601096
114.1	0.02337916987552677
114.	0.02339648125583916
113.89999999999999	0.02341382466432374
113.8	0.02343119995357552
113.69999999999999	0.023448607450472617
113.6	0.02346604713099544
113.5	0.02348351901059009
113.39999999999999	0.02350102356614081
113.3	0.02351856030331766
113.19999999999999	0.023536129705419184
113.1	0.0235537317807244
113.	0.023571366886447884
112.89999999999999	0.023589034489663128
112.8	0.023606735124274785
112.69999999999999	0.023624468854911772
112.6	0.02364223598507914
112.5	0.023660036157515118
112.39999999999999	0.02367786977878709
112.3	0.02369573690980612
112.19999999999999	0.02371363763373247
112.1	0.023731572104779667
112.	0.02374954035897802
111.89999999999999	0.023767542485484905
111.8	0.023785578943624208
111.69999999999999	0.023803649222067808
111.6	0.02382175380268422
111.5	0.023839892897044888
111.39999999999999	0.023858066369871762
111.3	0.023876274498315336
111.19999999999999	0.023894517435346988
111.1	0.023912794543824466
111.	0.023931104417949173
110.89999999999999	0.023949449189142276
110.8	0.023967828965619307
110.69999999999999	0.02398624354055592
110.6	0.02400469344697271
110.5	0.02402317862256504
110.39999999999999	0.024041699083440664
110.3	0.024060254975430767
110.19999999999999	0.024078846618424604
110.1	0.024097550117105068
110.	0.024116303066820666
109.89999999999999	0.02413506826366363
109.8	0.024154152388208765
109.69999999999999	0.02417168513222254
109.6	0.02419083321895232
109.5	0.024210732061832763
109.39999999999999	0.024229580608162826
109.3	0.024248724974187372
109.19999999999999	0.0242674399999189
109.1	0.024286687916235256
109.	0.024303841603018548
108.89999999999999	0.02432474255988309
108.8	0.02434334573684486
108.69999999999999	0.024362489978119826
108.6	0.02438005030843523
108.5	0.02439926212533962
108.39999999999999	0.024418524163280744
108.3	0.024437830078375813
108.19999999999999	0.024458892966147252
108.1	0.024478330662536355
108.	0.02449753757571319
107.89999999999999	0.024517089075360064
107.8	0.0245369930532857
107.69999999999999	0.02455538933077984
107.6	0.024575817556213176
107.5	0.024595127602737035
107.39999999999999	0.024614763858998648
107.3	0.024634437457389895
107.19999999999999	0.024654150126085256
107.1	0.024673896767541136
107.	0.024693682808490297
106.89999999999999	0.024713509407705454
106.8	0.02473337613627431
106.69999999999999	0.024753283065317513
106.6	0.024773230049700355
106.5	0.024793217507285994
106.39999999999999	0.024813245096570083
106.3	0.02483331255634458
106.19999999999999	0.024853420461959475
106.1	0.02487356887546951
106.	0.024894461278868386
105.89999999999999	0.024914149648244
105.8	0.02493445067875628
105.69999999999999	0.024954808767442598
105.6	0.0249754881672503
105.5	0.024995757906698977
105.39999999999999	0.025015000091875503
105.3	0.025036865176737238
105.19999999999999	0.025055873663582934
105.1	0.025076092806877465
105.	0.02509848555989512
104.89999999999999	0.025118767078585322
104.8	0.02513934465073149
104.69999999999999	0.02515993375995906
104.6	0.025180706175861423
104.5	0.025201521134357162
104.39999999999999	0.025222384771158363
104.3	0.025243279914151456
104.19999999999999	0.025264929486310705
104.1	0.025285912234518506
104.	0.025306619452515923
103.89999999999999	0.025327674436678327
103.8	0.025349076887295194
103.69999999999999	0.025370238918514944
103.6	0.025390910755063396
103.5	0.025412029334976338
103.39999999999999	0.02543316881893932
103.3	0.025454481776143296
103.19999999999999	0.025476991836911624
103.1	0.025497164069708072
103.	0.025519854009297398
102.89999999999999	0.025541312467102367
102.8	0.025562845934988695
102.69999999999999	0.025584428368753766
102.6	0.025604740793062138
102.5	0.025627782365584623
102.39999999999999	0.02564951993605633
102.3	0.025671308473905644
102.19999999999999	0.025693142515676573
102.1	0.025715022779140402
102.	0.02573694918659403
101.89999999999999	0.025758921754616027
101.8	0.02578094050401515
101.69999999999999	0.02580300560061095
101.6	0.025825117466404854
101.5	0.02584727634033746
101.39999999999999	0.02586948214858895
101.3	0.025891735246967505
101.19999999999999	0.02591403567474347
101.1	0.025936383774807538
101.	0.025958779420271166
100.89999999999999	0.02598122311956613
100.8	0.026003714735589538
100.69999999999999	0.026026254634307022
100.6	0.026048842635777007
100.5	0.026071479460029627
100.39999999999999	0.026094164519615513
100.3	0.02611689893211209
100.19999999999999	0.026139681263046194
100.1	0.026162512834577073
100.	0.02618539375673864
99.89999999999999	0.02620832409269867
99.8	0.026231304182763066
99.69999999999999	0.026254334208000437
99.6	0.026277414076285838
99.5	0.026300544081481803
99.39999999999999	0.026323724666990612
99.3	0.02634695556642672
99.19999999999999	0.02637023761332136
99.1	0.026393570188674834
99.	0.026416953743882136
98.89999999999999	0.026440388738053516
98.8	0.026463874918060255
98.69999999999999	0.02648741286869538
98.6	0.02651100228742247
98.5	0.02653464388592806
98.39999999999999	0.026558337642854566
98.3	0.02658208326521044
98.19999999999999	0.026605881490977364
98.1	0.026629732562884666
98.	0.0266536365228462
97.89999999999999	0.026677593484883366
97.8	0.026701603566614208
97.69999999999999	0.0267256666070002
97.6	0.026749783494729496
97.5	0.02677395439631614
97.39999999999999	0.02679817900021816
97.3	0.026822457558372547
97.19999999999999	0.0268467907699466
97.1	0.02687117841017157
97.	0.026895620524091272
96.89999999999999	0.026920117880675103
96.8	0.026944670132328125
96.69999999999999	0.026969277280348307
96.6	0.026993940219040124
96.5	0.027018658917544694
96.39999999999999	0.027043433327986213
96.3	0.027068263591183476
96.19999999999999	0.02709315055265015
96.1	0.027118093755448897
96.	0.027143093424784895
95.89999999999999	0.02716815016826342
95.8	0.02719326375709953
95.69999999999999	0.02721843439006915
95.6	0.027243662881836453
95.5	0.02726894888047891
95.39999999999999	0.02729429286349404
95.3	0.02731969468137935
95.19999999999999	0.027345154875732348
95.1	0.027370673678750818
95.	0.02739625098711765
94.89999999999999	0.027421887314145358
94.8	0.027447582604879686
94.69999999999999	0.02747333720634243
94.6	0.02749915161613748
94.5	0.027525025172640376
94.39999999999999	0.027550959143865867
94.3	0.02757695335807036
94.19999999999999	0.0276030073447703
94.1	0.02762912237562913
94.	0.02765529869348607
93.89999999999999	0.02768153557391285
93.8	0.027707833479307775
93.69999999999999	0.027734193237983647
93.6	0.027760614791227045
93.5	0.027787097685846408
93.39999999999999	0.027813643054901548
93.3	0.027840251101243843
93.19999999999999	0.027866921598603597
93.1	0.02789365472625161
93.	0.027920451020234875
92.89999999999999	0.027947310296941755
92.8	0.02797423337566983
92.69999999999999	0.028001220067648745
92.6	0.028028271265492583
92.5	0.028055386146985953
92.39999999999999	0.02808256560545582
92.3	0.02810980973111687
92.19999999999999	0.02813711876509771
92.1	0.028164498596352817
92.	0.0281919493681474
91.89999999999999	0.028219466337969377
91.8	0.028247049291519888
91.69999999999999	0.028274698676794417
91.6	0.028302415149069192
91.5	0.028330198166843047
91.39999999999999	0.028358048576690546
91.3	0.02838596630231849
91.19999999999999	0.028413951987947522
91.1	0.028442005390664656
91.	0.0284701269837748
90.89999999999999	0.02849831717926131
90.8	0.028526576237980005
90.69999999999999	0.028554903848571227
90.6	0.028583301357598817
90.5	0.028611767805999177
90.39999999999999	0.028640304274754273
90.3	0.028668911315477167
90.19999999999999	0.028697588002332238
90.1	0.028726335890379318
90.	0.028755154180371903
89.89999999999999	0.0287840439305073
89.8	0.028813005018033085
89.69999999999999	0.028842037943901416
89.6	0.02887114273357155
89.5	0.02890031978546112
89.39999999999999	0.02892956971675757
89.3	0.02895889201495797
89.19999999999999	0.028988287623353797
89.1	0.029017756782862107
89.	0.029047299482277848
88.89999999999999	0.029076916030778065
88.8	0.0291066073194952
88.69999999999999	0.029136372637201667
88.6	0.02916621345651374
88.5	0.029196128877080483
88.39999999999999	0.029226120344337657
88.3	0.029256187306779542
88.19999999999999	0.029286330196744703
88.1	0.029316549325765894
88.	0.02934685841134844
87.89999999999999	0.029377245888341858
87.8	0.02940771120399061
87.69999999999999	0.029438254212062802
87.6	0.029468874804601915
87.5	0.02949957452097555
87.39999999999999	0.02953157632792784
87.3	0.029561209715563856
87.19999999999999	0.029592145299746603
87.1	0.029623161421735416
87.	0.0296542571462228
86.89999999999999	0.02968543345137899
86.8	0.029716690608686414
86.69999999999999	0.029748028216472235
86.6	0.029779447408236744
86.5	0.029810948249004453
86.39999999999999	0.029842530864510552
86.3	0.029874195756748018
86.19999999999999	0.029905943455435225
86.1	0.029937773935982636
86.	0.029969687420308953
85.89999999999999	0.03000168526847901
85.8	0.030033766983604944
85.69999999999999	0.030065932654938725
85.6	0.03009818330824008
85.5	0.030130518748852593
85.39999999999999	0.030162939740021086
85.3	0.03019544602158308
85.19999999999999	0.03022803921837304
85.1	0.030260718066372944
85.	0.030293484374693473
84.89999999999999	0.030326337412220888
84.8	0.03035927833354745
84.69999999999999	0.03039230686727655
84.6	0.030425423658744028
84.5	0.03045862924001809
84.39999999999999	0.03049192413571384
84.3	0.030525308654905194
84.19999999999999	0.03055878198788103
84.1	0.030592345970784234
84.	0.03062600055892015
83.89999999999999	0.030659746224418735
83.8	0.030693582728246488
83.69999999999999	0.030727511478902545
83.6	0.030761531714386788
83.5	0.030795644755185283
83.39999999999999	0.030829850986502136
83.3	0.03086415005322664
83.19999999999999	0.030898542870964312
83.1	0.03093302994922261
83.	0.030967611359575577
82.89999999999999	0.031002287736484356
82.8	0.0310370593082675
82.69999999999999	0.031071926664711147
82.6	0.031106889942611144
82.5	0.031141949950625903
82.39999999999999	0.031177106840716985
82.3	0.031212361123656617
82.19999999999999	0.03124771356386243
82.1	0.031283163831042314
82.	0.03131871314670259
81.89999999999999	0.03135436126096677
81.8	0.03139010893926613
81.69999999999999	0.03142595636160933
81.6	0.03146190454415256
81.5	0.03149795360556309
81.39999999999999	0.031534103662816976
81.3	0.031570355597422516
81.19999999999999	0.031606709744989345
81.1	0.0316431665806713
81.	0.03167972622283551
80.89999999999999	0.03171639027687917
80.8	0.03175315736077852
80.69999999999999	0.031790029476285106
80.6	0.03182700593784241
80.5	0.03186408806138273
80.39999999999999	0.03190127631647118
80.3	0.03193857113381027
80.19999999999999	0.03197597264744565
80.1	0.03201348140214681
80.	0.032051097710026705
79.89999999999999	0.032088822786445446
79.8	0.032126656157131624
79.69999999999999	0.03216459955866876
79.6	0.03220265177014766
79.5	0.03224081491901045
79.39999999999999	0.032279088809257436
79.3	0.03231747352884955
79.19999999999999	0.03235597020090417
79.1	0.032394579808651514
79.	0.03243330161095369
78.89999999999999	0.0324721360906089
78.8	0.032511085654903855
78.69999999999999	0.032550149246656446
78.6	0.03258932772365976
78.5	0.03262862197304075
78.39999999999999	0.032668030887182196
78.3	0.03270755844520661
78.19999999999999	0.03274720130149805
78.1	0.03278696243721803
78.	0.032826841503303665
77.89999999999999	0.032866839321896026
77.8	0.03290695611849494
77.69999999999999	0.03294719371714056
77.6	0.032987550770504685
77.5	0.033028029639632896
77.39999999999999	0.033068629354598984
77.3	0.033109351600362213
77.19999999999999	0.03315019605080673
77.1	0.033191163900138994
77.	0.03323225547672749
76.89999999999999	0.033273471784635265
76.8	0.03331481319204493
76.69999999999999	0.0333562798640152
76.6	0.03339787274144808
76.5	0.033439592651754876
76.39999999999999	0.03348143976327376
76.3	0.033523415092179716
76.19999999999999	0.03356551912404277
76.1	0.03360775250409311
76.	0.033650115583528206
75.89999999999999	0.033692609570407796
75.8	0.03373523435082313
75.69999999999999	0.033777991255862304
75.6	0.03382088026478673
75.5	0.03386390273775473
75.39999999999999	0.03390705943459915
75.3	0.03395034949939315
75.19999999999999	0.03399377527354915
75.1	0.034037336710146776
75.	0.034081034343867465
74.89999999999999	0.0341248692547588
74.8	0.0341688426025748
74.69999999999999	0.03421295264154301
74.6	0.03425720363382679
74.5	0.03430159399823977
74.39999999999999	0.03434612502186593
74.3	0.03439079711809331
74.19999999999999	0.034435611117998144
74.1	0.03448056789306137
74.	0.0345256677881191
73.89999999999999	0.034570912032966104
73.8	0.0346163013804411
73.69999999999999	0.03466183665998217
73.6	0.03470751869514662
73.5	0.03475334656263614
73.39999999999999	0.03479932304255003
73.3	0.03484544682450755
73.19999999999999	0.03489172227546435
73.1	0.03493814747649157
73.	0.03498472299998061
72.89999999999999	0.03503145048755564
72.8	0.0350783304637204
72.69999999999999	0.035125363752006714
72.6	0.03517255204304229
72.5	0.035219895894877715
72.39999999999999	0.035267394938187244
72.3	0.0353150501921417
72.19999999999999	0.03536286532326329
72.1	0.0354108368944539
72.	0.03545896881680271
71.9	0.03550726027775542
71.79999999999998	0.035555714397003696
71.69999999999999	0.035604330189805175
71.6	0.03565310872544881
71.5	0.03570205242815932
71.4	0.035751159790495826
71.29999999999998	0.03580043549034649
71.19999999999999	0.03584987632544481
71.1	0.035899486678028614
71.	0.0359492653230828
70.9	0.03599550232328226
70.79999999999998	0.036049312555714544
70.69999999999999	0.03609597764921603
70.6	0.03614642802456387
70.5	0.0361971074471046
70.4	0.036251536945791696
70.29999999999998	0.03629908013075184
70.19999999999999	0.03635024751672961
70.1	0.036401664693420335
70.	0.03645327461526902
69.9	0.036498618527493656
69.79999999999998	0.03655047413347943
69.69999999999999	0.03660348913013848
69.6	0.03666379460989762
69.5	0.03671524683598995
69.4	0.03676794188051557
69.29999999999998	0.036816152681086275
69.19999999999999	0.03687069953331772
69.1	0.03692518324333179
69.	0.03697823549496844
68.9	0.037031621872959455
68.79999999999998	0.03708523713303798
68.69999999999999	0.03713906387162168
68.6	0.03719309233151936
68.5	0.037247317168447355
68.4	0.03730173776933526
68.29999999999998	0.03735635307975898
68.19999999999999	0.03741116251180964
68.1	0.03746622217162708
68.	0.03752184823231252
67.9	0.03757759609498785
67.79999999999998	0.03763345134614696
67.69999999999999	0.03768919202523484
67.6	0.03774424694617945
67.5	0.03779873994425525
67.4	0.03785537121338319
67.29999999999998	0.037914385047256374
67.19999999999999	0.03797122668794374
67.1	0.03802412788611926
67.	0.03808091693365981
66.9	0.038138396308664134
66.79999999999998	0.038196148053280594
66.69999999999999	0.03825445600806936
66.6	0.038315695818452525
66.5	0.0383674257965121
66.4	0.03843207873081743
66.29999999999998	0.038492567463233124
66.19999999999999	0.038551303883263305
66.1	0.03861028476542172
66.	0.038669493880118914
65.9	0.038728903321329174
65.79999999999998	0.03878850573634433
65.69999999999999	0.03884829854811919
65.6	0.038908260967839406
65.5	0.03896837953069257
65.4	0.039028633070954784
65.29999999999998	0.0390890170764912
65.19999999999999	0.03914948468949383
65.1	0.039213560624749184
65.	0.03927448831985679
64.9	0.03933549579761146
64.79999999999998	0.03939653486116244
64.69999999999999	0.039457540699701275
64.6	0.03951850215584155
64.5	0.039579740089543035
64.4	0.03964096748799661
64.29999999999998	0.03970208944790512
64.19999999999999	0.039773969186427297
64.1	0.03982920106405952
64.	0.03989420448631963
63.900000000000006	0.039971584971364604
63.79999999999998	0.03779334357749304
63.69999999999999	0.03491121434164427
63.599999999999994	0.03329982342653974
63.5	0.03202748451664655
63.400000000000006	0.03086857326840582
63.29999999999998	0.02955363178175512
63.19999999999999	0.029616044077407047
63.099999999999994	0.029678243106961526
63.	0.02974025202054154
62.900000000000006	0.02980208384210687
62.79999999999998	0.029863742828820154
62.69999999999999	0.029925235636027128
62.599999999999994	0.029986580102021154
62.5	0.030047778073441483
62.400000000000006	0.03010884219101355
62.29999999999998	0.030169774709511765
62.19999999999999	0.03023059320949817
62.099999999999994	0.030291292010963294
62.	0.030351893652289512
61.900000000000006	0.030412387311158803
61.79999999999998	0.030472794756683425
61.69999999999999	0.03053311343508639
61.599999999999994	0.03059335067483149
61.5	0.030653513188724883
61.400000000000006	0.030713606222198996
61.29999999999998	0.030773634201685596
61.19999999999999	0.030833603671600398
61.099999999999994	0.030893523101623976
61.	0.03095338084839603
60.900000000000006	0.03101320491918205
60.79999999999998	0.031072987127024488
60.69999999999999	0.031132730945773106
60.599999999999994	0.031192446136550953
60.5	0.031252127040200174
60.400000000000006	0.031311785452298437
60.29999999999998	0.03137142600841168
60.19999999999999	0.03143105392884809
60.099999999999994	0.031490661818979505
60.	0.03155025985028479
59.900000000000006	0.031609854619455945
59.79999999999998	0.03166944614667958
59.69999999999999	0.03172904222885537
59.599999999999994	0.03178863527324949
59.5	0.0318482423919479
59.400000000000006	0.031907850885801274
59.29999999999998	0.03196747782717025
59.19999999999999	0.032027121067038436
59.099999999999994	0.032086779320332555
59.	0.032146457594989075
58.900000000000006	0.0322061635562157
58.79999999999998	0.03226589545007869
58.69999999999999	0.0323256557208647
58.599999999999994	0.03238544408960131
58.5	0.0324452695567178
58.400000000000006	0.032505128422980936
58.29999999999998	0.03256502889602642
58.19999999999999	0.03262496953755468
58.099999999999994	0.03268495651789698
58.	0.03274498611158334
57.900000000000006	0.03280506363147499
57.79999999999998	0.03286519311549699
57.69999999999999	0.03292537485602354
57.599999999999994	0.03298561040054096
57.5	0.03304590000546607
57.400000000000006	0.03310625272231925
57.29999999999998	0.0331666608023703
57.19999999999999	0.03322713677778654
57.099999999999994	0.03328767268950316
57.	0.03334828066167735
56.900000000000006	0.03340895126449382
56.79999999999998	0.033469694503432894
56.69999999999999	0.033530516946187285
56.599999999999994	0.03359140486198166
56.5	0.033652371907567244
56.400000000000006	0.03371341649188813
56.29999999999998	0.03377453998467
56.19999999999999	0.033835750183815
56.099999999999994	0.03389703689334815
56.	0.033958413507460185
55.900000000000006	0.034019873199438715
55.79999999999998	0.034081426445637365
55.69999999999999	0.03414306467120063
55.599999999999994	0.03420479831047552
55.5	0.034266622182637124
55.400000000000006	0.03432854613709936
55.29999999999998	0.034390563142459994
55.19999999999999	0.034452682103384424
55.099999999999994	0.03451489930386212
55.	0.03457722278015725
54.900000000000006	0.034639645298670495
54.79999999999998	0.03470217441160791
54.69999999999999	0.03476481200664908
54.599999999999994	0.034827551748215585
54.5	0.03489040797327671
54.400000000000006	0.03495337528760754
54.29999999999998	0.035016452576188926
54.19999999999999	0.03507965133379026
54.099999999999994	0.03514296194169862
54.	0.035206391430915765
53.900000000000006	0.035269936470545674
53.79999999999998	0.03533360690618577
53.69999999999999	0.035397399905735615
53.599999999999994	0.03546131783236829
53.5	0.03552536252044811
53.400000000000006	0.035589528856938335
53.29999999999998	0.035653825746683236
53.19999999999999	0.035718255721611615
53.099999999999994	0.03578281851799968
53.	0.035847512735931994
52.900000000000006	0.03591234621159729
52.79999999999998	0.035977310587482096
52.69999999999999	0.03604241584855406
52.599999999999994	0.036107659744744926
52.5	0.03617304612177974
52.400000000000006	0.036238574365307495
52.29999999999998	0.03630424677264681
52.19999999999999	0.036370065286919745
52.099999999999994	0.03643603049738701
52.	0.036502147372630966
51.900000000000006	0.03656841050272347
51.79999999999998	0.036634826994354885
51.69999999999999	0.03670139856934697
51.599999999999994	0.03676812605905586
51.5	0.03683500720142721
51.400000000000006	0.03690204756059036
51.29999999999998	0.03696924881829937
51.19999999999999	0.03703660954819822
51.099999999999994	0.03710413552586754
51.	0.037171820792407294
50.900000000000006	0.037239675579962495
50.79999999999998	0.03730769948393104
50.69999999999999	0.03737589044319806
50.599999999999994	0.037444252117924785
50.5	0.03751278606263304
50.400000000000006	0.03758149533011484
50.29999999999998	0.03765037696850959
50.19999999999999	0.03771943910995496
50.099999999999994	0.037788678316100034
50.	0.03785809697616144
49.900000000000006	0.03792769895217826
49.79999999999998	0.03799748424769266
49.69999999999999	0.038067454532138355
49.599999999999994	0.03813761027420508
49.5	0.03820795713913853
49.400000000000006	0.03827849133604363
49.29999999999998	0.03834921751979719
49.19999999999999	0.03842013885636445
49.099999999999994	0.038491251464131265
49.	0.038562564871785956
48.900000000000006	0.03863407836426863
48.79999999999998	0.03870578435790838
48.69999999999999	0.03877770078674011
48.599999999999994	0.03884981605897878
48.5	0.0389221355355414
48.400000000000006	0.03899466600049692
48.29999999999998	0.03906740324529906
48.19999999999999	0.0391403513628481
48.099999999999994	0.03921351231600143
48.	0.03928688297855183
47.900000000000006	0.03936047060019704
47.79999999999998	0.03943428297814847
47.69999999999999	0.039508309122054816
47.599999999999994	0.03958255627645192
47.5	0.039657029551419136
47.400000000000006	0.03973172134631564
47.29999999999998	0.039806644666178795
47.19999999999999	0.03988179872614276
47.099999999999994	0.03995718112103261
47.	0.04003279479890787
46.900000000000006	0.04010864241194776
46.79999999999998	0.04018472544390079
46.69999999999999	0.040261047621672444
46.599999999999994	0.04033761091731889
46.5	0.04041441466474407
46.39999999999998	0.04049146474533556
46.29999999999998	0.0405687631394993
46.19999999999999	0.040646302281391974
46.099999999999994	0.04072409760522202
46.	0.040802140204434505
45.89999999999998	0.04088044439961581
45.79999999999998	0.04095899316656974
45.69999999999999	0.041037806106668455
45.599999999999994	0.041116878959928896
45.5	0.041196214197982466
45.39999999999998	0.041275817141684074
45.29999999999998	0.04135568144252644
45.19999999999999	0.0414358181724001
45.099999999999994	0.04151622051200219
45.	0.0415969037715937
44.89999999999998	0.04167785472977809
44.79999999999998	0.04175908591055827
44.69999999999999	0.041840596073438985
44.599999999999994	0.04192239214726001
44.5	0.04200446540708058
44.39999999999998	0.04208682878491877
44.29999999999998	0.04216947957537745
44.19999999999999	0.04225242727605215
44.099999999999994	0.04233566314742704
44.	0.042419192792744594
43.89999999999998	0.04250302516780185
43.79999999999998	0.04258715613599144
43.69999999999999	0.04267159038910559
43.599999999999994	0.04275632768328227
43.5	0.0428413767706855
43.39999999999998	0.04292673456077635
43.29999999999998	0.043012406599003766
43.19999999999999	0.04309839212096657
43.099999999999994	0.04318469600076199
43.	0.04327132148788954
42.89999999999998	0.04335827216883131
42.79999999999998	0.04344554623266663
42.69999999999999	0.04353314651897654
42.599999999999994	0.04362108141367192
42.5	0.043709345586605046
42.39999999999998	0.04379795087058604
42.29999999999998	0.04388689707526719
42.19999999999999	0.043976182073686636
42.099999999999994	0.04406581426921272
42.	0.044155792070517744
41.89999999999998	0.044246120516597987
41.79999999999998	0.044336804433481605
41.69999999999999	0.044427842925307104
41.599999999999994	0.044519241291341625
41.5	0.044611002206584253
41.39999999999998	0.04470312843410471
41.29999999999998	0.04479562382054464
41.19999999999999	0.04488849109667439
41.099999999999994	0.044981733745666296
41.	0.045075347203423495
40.89999999999998	0.0451693467732338
40.79999999999998	0.045263732102767865
40.69999999999999	0.04535850648084893
40.599999999999994	0.04545366146033947
40.5	0.04554921777198217
40.39999999999998	0.04564516841401267
40.29999999999998	0.045741519460196674
40.19999999999999	0.0458382780934004
40.099999999999994	0.04593543907713668
40.	0.046033014758089574
39.89999999999998	0.04613100279142561
39.79999999999998	0.04622940744813067
39.69999999999999	0.04632823351861508
39.599999999999994	0.046427485810674546
39.5	0.046527166457270126
39.39999999999998	0.046627275558316215
39.29999999999998	0.04672782805613248
39.19999999999999	0.04682881567982369
39.099999999999994	0.04693024847463805
39.	0.04703212391968296
38.89999999999998	0.04713440799805471
38.79999999999998	0.04723719471753437
38.69999999999999	0.04734048424052172
38.599999999999994	0.04744419442000677
38.5	0.047548366458232225
38.39999999999998	0.04765301538140555
38.29999999999998	0.0477580816836361
38.19999999999999	0.047863683070202764
38.099999999999994	0.04796982163979946
38.	0.048076394339964836
37.89999999999998	0.048183401754433475
37.79999999999998	0.048290965073653866
37.69999999999999	0.04839902837556423
37.599999999999994	0.048507595277460194
37.5	0.04861667367324863
37.39999999999998	0.04872627296109108
37.29999999999998	0.048836388935517526
37.19999999999999	0.04894702382758062
37.099999999999994	0.04905819097615327
37.	0.04916989359547537
36.89999999999998	0.04928213209093416
36.79999999999998	0.049394921459795633
36.69999999999999	0.04950826055223753
36.599999999999994	0.04962214202816822
36.5	0.04973659392626548
36.39999999999998	0.04985160662466887
36.29999999999998	0.049967184977484376
36.19999999999999	0.05008334176509086
36.099999999999994	0.05020017179815994
36.	0.05031740413648678
35.89999999999998	0.05043541542106829
35.79999999999998	0.05055382913314126
35.69999999999999	0.050672945086276615
35.599999999999994	0.05079277096570363
35.5	0.05091310828414148
35.39999999999998	0.05103406500350187
35.29999999999998	0.05115565204121571
35.19999999999999	0.05127786779816065
35.099999999999994	0.05140072411601686
35.	0.05152422472086425
34.89999999999998	0.05164837531999913
34.79999999999998	0.05177317931407287
34.69999999999999	0.05189865454220347
34.599999999999994	0.05202479398774427
34.5	0.0521516092940652
34.39999999999998	0.052279111857530924
34.29999999999998	0.05240730365838075
34.19999999999999	0.05253618970377513
34.099999999999994	0.052665786828447365
34.	0.05279608763594748
33.89999999999998	0.052927107836880385
33.79999999999998	0.05305885707245943
33.69999999999999	0.05319133636951491
33.599999999999994	0.053324554675148975
33.5	0.0534585262067442
33.39999999999998	0.053593249852114104
33.29999999999998	0.05372873384509335
33.19999999999999	0.05386499296732788
33.099999999999994	0.05400203063318248
33.	0.05413985777327939
32.89999999999998	0.05427847835053508
32.79999999999998	0.05441790212511972
32.69999999999999	0.05455814120541289
32.599999999999994	0.054699199853213615
32.5	0.054841087291797465
32.39999999999998	0.05498380959184921
32.29999999999998	0.055127388817696465
32.19999999999999	0.05527182042798393
32.099999999999994	0.05541711902671264
32.	0.05556329504940104
31.899999999999977	0.05571034858874097
31.799999999999983	0.05585830348575589
31.69999999999999	0.056007164903412815
31.599999999999994	0.056156929257171535
31.5	0.056307623126464396
31.399999999999977	0.05645925731902406
31.299999999999983	0.05661183335755917
31.19999999999999	0.05676536380676879
31.099999999999994	0.056919861618669056
31.	0.05707533652068026
30.899999999999977	0.05723179983596838
30.799999999999983	0.05738926039978615
30.69999999999999	0.057547738463919064
30.599999999999994	0.057707233124811644
30.5	0.05786776504740289
30.399999999999977	0.05802934536832224
30.299999999999983	0.05819198750009452
30.19999999999999	0.05835569349446625
30.099999999999994	0.058520483742900885
30.	0.058686371481363346
29.899999999999977	0.05885336911661902
29.799999999999983	0.059021492964867535
29.69999999999999	0.059190746303194174
29.599999999999994	0.059361152125198186
29.5	0.05953272236749012
29.399999999999977	0.05970547319908453
29.299999999999983	0.05987940975618277
29.19999999999999	0.060054557832859554
29.099999999999994	0.06023092593583945
29.	0.06040853139907563
28.899999999999977	0.060587385694982
28.799999999999983	0.06076751269798084
28.69999999999999	0.06094891979327497
28.599999999999994	0.061131626728773855
28.5	0.061315652873091646
28.399999999999977	0.061501007131716565
28.299999999999983	0.06168771689571933
28.19999999999999	0.06187578751167281
28.099999999999994	0.062065242073397316
28.	0.06225610835640436
27.899999999999977	0.06244839285822118
27.799999999999983	0.06264211219337264
27.69999999999999	0.06283729411860195
27.599999999999994	0.06303395494547885
27.5	0.06323211411187196
27.399999999999977	0.06343178596039
27.299999999999983	0.0636330046820601
27.19999999999999	0.06383577088304353
27.099999999999994	0.06404013031306477
27.	0.06424582895563614
26.899999999999977	0.06445341369038082
26.799999999999983	0.0646626444941052
26.69999999999999	0.064873539249574
26.599999999999994	0.06508613288748237
26.5	0.06530044042630448
26.399999999999977	0.06551649389419395
26.299999999999983	0.0657343109139077
26.19999999999999	0.06595391606729735
26.099999999999994	0.066175341712908
26.	0.06639859997670838
25.899999999999977	0.06662374311524835
25.799999999999983	0.06685077735709202
25.69999999999999	0.06707973609245794
25.599999999999994	0.06731064984703858
25.5	0.06754355142999378
25.399999999999977	0.06777846004409724
25.299999999999983	0.06801541206953822
25.19999999999999	0.06825443965084085
25.099999999999994	0.06849557227792351
25.	0.06873884388163852
24.899999999999977	0.06898429215344964
24.799999999999983	0.06923193836860533
24.69999999999999	0.0694818266326915
24.599999999999994	0.06973399118679731
24.5	0.06998846818146946
24.399999999999977	0.07024528980900525
24.299999999999983	0.07050450269486803
24.19999999999999	0.07076614006820635
24.099999999999994	0.07103023620564154
24.	0.0712968455031839
23.899999999999977	0.0715659925861952
23.799999999999983	0.07183772720153624
23.69999999999999	0.0721121012549691
23.599999999999994	0.0723891498109885
23.5	0.07266891793678193
23.399999999999977	0.07295145548362424
23.299999999999983	0.07323680468400648
23.19999999999999	0.07352502334695596
23.099999999999994	0.07381615791611423
23.	0.07411025463308786
22.899999999999977	0.07440737798336725
22.799999999999983	0.07470756126832244
22.69999999999999	0.07501088134360699
22.599999999999994	0.07531738302888256
22.5	0.07562712639379765
22.399999999999977	0.0759401772283382
22.299999999999983	0.0762565871788156
22.19999999999999	0.07657642583336662
22.099999999999994	0.07689975348681247
22.	0.07722664438320248
21.899999999999977	0.07755715276378425
21.799999999999983	0.07789136184258008
21.69999999999999	0.07822933438811938
21.599999999999994	0.07857115308694711
21.5	0.07891688763821712
21.399999999999977	0.07926661739377473
21.299999999999983	0.07962042218171728
21.19999999999999	0.07997838317190809
21.099999999999994	0.08034059798818374
21.	0.08070713155695697
20.899999999999977	0.08107809240167499
20.799999999999983	0.08145356774208494
20.69999999999999	0.0818336477377835
20.599999999999994	0.08221844176177394
20.5	0.08260804497911194
20.399999999999977	0.08300255680266742
20.299999999999983	0.08340209972977919
20.19999999999999	0.08380677098750702
20.099999999999994	0.08421669762219679
20.	0.08463199623355076
19.899999999999977	0.08505277551245728
19.799999999999983	0.08547918222316171
19.69999999999999	0.08591133063954182
19.599999999999994	0.08634936454605639
19.5	0.08679341880353626
19.399999999999977	0.08724364776752119
19.299999999999983	0.08770018910263608
19.19999999999999	0.0881632118158864
19.099999999999994	0.08863286133258691
19.	0.08910931785063547
18.899999999999977	0.08959274089373123
18.799999999999983	0.09008331429591594
18.69999999999999	0.09058123044702411
18.599999999999994	0.09108667361534575
18.5	0.09159984369377887
18.399999999999977	0.0921209515000487
18.299999999999983	0.09265021245981589
18.19999999999999	0.09318784791815266
18.099999999999994	0.09373410110160538
18.	0.09428919658929999
17.899999999999977	0.09485339325849895
17.799999999999983	0.09542696918485373
17.69999999999999	0.09601017390702203
17.599999999999994	0.09660331158475936
17.5	0.09720666794528869
17.399999999999977	0.09782056275050194
17.299999999999983	0.09844532630006134
17.19999999999999	0.09908128949621549
17.099999999999994	0.09972880968695239
17.	0.10038825694816823
16.899999999999977	0.10106003286058064
16.799999999999983	0.10174452569533535
16.69999999999999	0.10244218518983163
16.599999999999994	0.10315346062394967
16.5	0.10387880629334119
16.399999999999977	0.10461872573486089
16.299999999999983	0.10537376227799476
16.19999999999999	0.10614445198820224
16.099999999999994	0.10693136756325555
16.	0.10773513979565623
15.899999999999977	0.10855640062866193
15.799999999999983	0.1093958481529885
15.699999999999989	0.110254197006666
15.599999999999994	0.11113222639403716
15.5	0.11203073424145553
15.399999999999977	0.11295061012310721
15.299999999999983	0.11389275929824245
15.199999999999989	0.11485815774779322
15.099999999999994	0.11584786553072716
15.	0.1168629848400507
14.899999999999977	0.11790471575358238
14.799999999999983	0.11897434048365646
14.699999999999989	0.12007322647755907
14.599999999999994	0.12120284694679384
14.5	0.12236478636741686
14.399999999999977	0.12356076581410916
14.299999999999983	0.12479262998969183
14.199999999999989	0.12606238243610318
14.099999999999994	0.127372205159763
14.	0.12872446334201693
13.899999999999977	0.13012175061176
13.799999999999983	0.13156688580957115
13.699999999999989	0.1330629853824884
13.599999999999994	0.1346134564571389
13.5	0.1362220944203671
13.399999999999977	0.13789307541398518
13.299999999999983	0.13963106023077282
13.199999999999989	0.1414412588991211
13.099999999999994	0.1433295420617907
13.	0.14530251083242895
12.899999999999977	0.14736765494641504
12.799999999999983	0.1495335382509692
12.699999999999989	0.15181002188692141
12.599999999999994	0.1542084903992261
12.5	0.15674229285470445
12.399999999999977	0.1594271242846547
12.299999999999983	0.16228169325751896
12.199999999999989	0.1653286014408454
12.099999999999994	0.16859544145653005
12.	0.1721165936136456
11.899999999999977	0.1759356336903845
11.799999999999983	0.18010909340698883
11.699999999999989	0.18471255212501983
11.599999999999994	0.18985075115195876
11.5	0.19567556184961746
11.399999999999977	0.2024223073017087
11.299999999999983	0.21048972019435558
11.199999999999989	0.22065867888563295
11.099999999999994	0.23494129873272154
11.	0.26779517661712104
10.899999999999977	0.6215616046776435
10.799999999999983	0.6238282282079533
10.699999999999989	0.6280642921989843
10.599999999999994	0.6315424284052975
10.5	0.6356184256793
10.399999999999977	0.6396796336040097
10.299999999999983	0.6434474192136673
10.199999999999989	0.6473326421454321
10.099999999999994	0.6506850834746719
10.	0.6540534152602617
9.899999999999977	0.6583227574325038
9.799999999999983	0.662258496854998
9.699999999999989	0.6662478529829615
9.599999999999994	0.6699785865269494
9.5	0.6737131225826376
9.399999999999977	0.6773947969442231
9.299999999999983	0.6801165468888586
9.199999999999989	0.6848227250526501
9.099999999999994	0.6885962597767152
9.	0.6921294113381272
8.899999999999977	0.6953963620190149
8.799999999999983	0.6994852634265897
8.699999999999989	0.702739126837289
8.599999999999994	0.7069192249709787
8.5	0.7105249774454238
8.399999999999977	0.7133636766739914
8.299999999999983	0.717814081783102
8.199999999999989	0.7216132389668432
8.099999999999994	0.7250059659928626
8.	0.7283108304375706
7.899999999999977	0.7321834914220253
7.799999999999983	0.7359321308981757
7.699999999999989	0.7395985260253959
7.599999999999994	0.7430997617975621
7.5	0.7459660808459587
7.399999999999977	0.750294407234116
7.299999999999983	0.7539116455436983
7.199999999999989	0.7574233002855019
7.099999999999994	0.7610780131440291
7.	0.7645156684048111
6.899999999999977	0.7674046101083198
6.799999999999983	0.7715834596559568
6.699999999999989	0.7746204429513373
6.599999999999994	0.7780277793611131
6.5	0.7821608045852785
6.399999999999977	0.7852441205178587
6.299999999999983	0.7889813622492533
6.199999999999989	0.792704165429944
6.099999999999994	0.7956836214965598
6.	0.7993120718281107
5.899999999999977	0.8034090522398526
5.799999999999983	0.8066164453840454
5.699999999999989	0.8098513124203816
5.599999999999994	0.8134596964513299
5.5	0.8166088238149598
5.399999999999977	0.8204506380645942
5.299999999999983	0.8237766287074615
5.199999999999989	0.8273453162366382
5.099999999999994	0.830683206522914
5.	0.8340721861819255
4.899999999999977	0.8377604550079275
4.799999999999983	0.8405708825337278
4.699999999999989	0.8445035990270002
4.599999999999994	0.8476692085304407
4.5	0.8512857744962014
4.399999999999977	0.854618348213047
4.299999999999983	0.8578354882641569
4.199999999999989	0.8609082352978623
4.099999999999994	0.8643854677542105
4.	0.8681941699670023
3.8999999999999773	0.8712826286133898
3.799999999999983	0.8753351703171929
3.6999999999999886	0.8782929703505883
3.5999999999999943	0.88180992446523
3.5	0.8846806433697366
3.3999999999999773	0.8883069784963006
3.299999999999983	0.8915537160179389
3.1999999999999886	0.8952439941212982
3.0999999999999943	0.898434160642494
3.	0.9015653802512169
2.8999999999999773	0.9050829228261631
2.799999999999983	0.9081659774415093
2.6999999999999886	0.9118318827806043
2.5999999999999943	0.914961776309719
2.5	0.9182344650533054
2.3999999999999773	0.9215936261799937
2.299999999999983	0.9250314462568577
2.1999999999999886	0.9282190151187895
2.0999999999999943	0.9315325353950626
2.	0.9348132416726816
1.8999999999999773	0.9380893762392233
1.799999999999983	0.9413541184946487
1.6999999999999886	0.9446214885616879
1.5999999999999943	0.947911326590108
1.5	0.9511975181163074
1.3999999999999773	0.9544795921187363
1.299999999999983	0.9569993380487889
1.1999999999999886	0.9603732017640919
1.0999999999999943	0.9634902741982592
1.	0.9666573663271055