1.	0.9735734247864067
1.1	0.9706753620325771
1.2	0.9684271288580014
1.3	0.9659886603487327
1.4	0.9633554122260118
1.5	0.9608779978879259
1.6	0.9584928328165451
1.7000000000000002	0.9558767403590394
1.8	0.9531610138907552
1.9	0.9506938531184349
2.	0.9482245615854347
2.1	0.9457581733518811
2.2	0.9432240105509879
2.3	0.9405615440448023
2.4000000000000004	0.9379738543442607
2.5	0.9353548305138167
2.6	0.9326019132021597
2.7	0.9298531763763588
2.8	0.9273462735753399
2.9000000000000004	0.9252756865201234
3.	0.9223935446955098
3.1	0.9198685275859411
3.2	0.9175716145409105
3.3000000000000003	0.9143853666897593
3.4000000000000004	0.9118877957305659
3.5	0.9097454639498196
3.6	0.9071595992803329
3.7	0.9044758371193407
3.8000000000000003	0.9018590520238974
3.9000000000000004	0.8989100525119403
4.	0.896918529728604
4.1	0.8944045962936172
4.2	0.8917171665631722
4.300000000000001	0.8892165920165112
4.4	0.8865180942206335
4.5	0.8840071389838815
4.6	0.8813298421040909
4.7	0.8787825103461196
4.800000000000001	0.8761379180927356
4.9	0.8735505521742023
5.	0.8709277383710756
5.1000000000000005	0.8683142102519651
5.2	0.8656923892217285
5.3	0.8630631700504823
5.4	0.8604151028328252
5.5	0.8577814586056075
5.6000000000000005	0.8551830769805416
5.7	0.8525333527528962
5.800000000000001	0.849948902269466
5.9	0.8472722773329073
6.	0.8447547672597653
6.1000000000000005	0.8419853000020533
6.2	0.839273087907144
6.300000000000001	0.8369314040878207
6.4	0.8341121391042428
6.5	0.8311086284624929
6.6000000000000005	0.8286250480375246
6.7	0.8263129563200926
6.800000000000001	0.8235164235526741
6.9	0.8209002467678064
7.	0.8181208198576826
7.1000000000000005	0.8156313781631803
7.2	0.8126510457631662
7.300000000000001	0.8104307648075857
7.4	0.8076809402515963
7.5	0.8047683931259902
7.6000000000000005	0.8026860782267223
7.7	0.7996479121345584
7.800000000000001	0.7970674287213159
7.9	0.7941497182124785
8.	0.7920510799100773
8.100000000000001	0.7889960094063053
8.2	0.7867406764674844
8.3	0.7836601617754203
8.4	0.7808263583708066
8.5	0.7787875738373705
8.600000000000001	0.7756535442163188
8.7	0.772879590027824
8.8	0.7705633724623168
8.9	0.7677789086922708
9.	0.7646945733950731
9.1	0.7621942534644007
9.200000000000001	0.7598557462899287
9.3	0.7573353034851482
9.4	0.7542196740034095
9.5	0.7516076533953477
9.6	0.7486819132582144
9.700000000000001	0.7464848350700404
9.8	0.7439459897511196
9.9	0.7408268526037736
10.	0.7382053653988144
10.1	0.7352103491773659
10.200000000000001	0.732683017661106
10.3	0.7304487667864047
10.4	0.7276964722892618
10.5	0.7249224050161794
10.600000000000001	0.7223001751135422
10.700000000000001	0.7195460615077091
10.8	0.7169150112816612
10.9	0.7141667588432868
11.	0.7115260205257294
11.100000000000001	0.7087844388424251
11.200000000000001	0.7061338904788145
11.3	0.7033988462926074
11.4	0.7007391097915832
11.5	0.69801007884918
11.600000000000001	0.6953417964404065
11.700000000000001	0.6926182981677967
11.8	0.6899423870856874
11.9	0.6872235983149985
12.	0.6845411500505398
12.100000000000001	0.6818261434200615
12.200000000000001	0.6791382684735874
12.3	0.6764261706426986
12.4	0.6737341144696183
12.5	0.6710240685127469
12.600000000000001	0.6683285480277913
12.700000000000001	0.6656202928020516
12.8	0.6629219234627235
12.9	0.660214848676242
13.	0.6575143485832944
13.100000000000001	0.6548081953636512
13.200000000000001	0.6521062406157955
13.3	0.6494005829167969
13.4	0.6466977122196251
13.5	0.6439922946009607
13.600000000000001	0.6412887239517359
13.700000000000001	0.6385837020206848
13.8	0.6358797269785029
13.9	0.6331749205660298
14.	0.6304707850423594
14.100000000000001	0.6277660378545189
14.200000000000001	0.6250734612676364
14.3	0.6223495801215693
14.4	0.6197895572709624
14.5	0.6169633803536075
14.600000000000001	0.6143408767565386
14.700000000000001	0.6115567529798122
14.8	0.6090270557469196
14.9	0.6061651611741671
15.	0.6036468181883334
15.100000000000001	0.6007618641390613
15.200000000000001	0.5983733052176524
15.3	0.5953409049379456
15.4	0.5930076688293473
15.5	0.5899286155193969
15.600000000000001	0.5875194757525165
15.700000000000001	0.5845284084121912
15.8	0.5821940812459482
15.9	0.5791020400429128
16.	0.5756378074525188
16.1	0.5734623516948724
16.200000000000003	0.570057495269652
16.3	0.5686571347907158
16.4	0.5656904480498148
16.5	0.5619458916376736
16.6	0.5602774301079411
16.700000000000003	0.557344246972513
16.8	0.5550755263123154
16.9	0.5523031408101442
17.	0.5488451062679085
17.1	0.5468248950025635
17.2	0.5438733838864614
17.3	0.541561585891014
17.400000000000002	0.5378895278726739
17.5	0.5360790346386078
17.6	0.5319523273295482
17.7	0.5294351944502695
17.8	0.46411985890789154
17.900000000000002	0.41551406052342266
18.	0.38856975399373017
18.1	0.3693417625776107
18.2	0.35424941720242004
18.3	0.3417741408612444
18.400000000000002	0.33111673887640364
18.5	0.3218017113601801
18.6	0.3135218170578022
18.7	0.3060663461298698
18.8	0.2992841966258045
18.900000000000002	0.2930629454772146
19.	0.28731672926421437
19.1	0.2819773714530097
19.2	0.27699314374470335
19.3	0.2723194405046733
19.400000000000002	0.2679202599431687
19.5	0.26376580705224617
19.6	0.2598309541301747
19.7	0.25609407465630196
19.8	0.2525368912398918
19.900000000000002	0.24914343752392715
20.	0.24589974900402256
20.1	0.24279372758142773
20.200000000000003	0.2398146522700307
20.3	0.23695298046336222
20.400000000000002	0.23420024261699318
20.5	0.23154883371898594
20.6	0.22899198428531833
20.700000000000003	0.2265234945605344
20.8	0.22413784230998676
20.900000000000002	0.22182996532360327
21.	0.21959523153818378
21.1	0.2174294626626376
21.200000000000003	0.2153287994731207
21.3	0.21328971301265384
21.400000000000002	0.21130892261066483
21.5	0.20938342647585456
21.6	0.2075104557515455
21.700000000000003	0.20568742110556837
21.8	0.2039119391115809
21.900000000000002	0.20218178256882374
22.	0.20049486145467105
22.1	0.19884925058834513
22.200000000000003	0.1972431565231186
22.3	0.1956748532842781
22.400000000000002	0.19414276264851282
22.5	0.19264542425643452
22.6	0.1911813927495065
22.700000000000003	0.1897493640380276
22.8	0.18834809069292774
22.900000000000002	0.18697641897216394
23.	0.1856332133403381
23.1	0.18431745831907767
23.200000000000003	0.18302812380682812
23.3	0.181764284619205
23.400000000000002	0.18052506422027523
23.5	0.17930959163631136
23.6	0.1781170583594148
23.700000000000003	0.17694674174041344
23.8	0.1757978769363119
23.900000000000002	0.1746697963839203
24.	0.17356179310013342
24.1	0.1724732813441737
24.200000000000003	0.1714036366721893
24.3	0.17035230120928632
24.400000000000002	0.16931870492678602
24.5	0.1683023528418513
24.6	0.167302696016537
24.700000000000003	0.16631928488116973
24.8	0.16535164404936348
24.900000000000002	0.1643993480247657
25.	0.1634619589878677
25.1	0.16253906570698318
25.200000000000003	0.16163027775258587
25.3	0.16073521924017287
25.400000000000002	0.15985353073178507
25.5	0.15898485721822733
25.6	0.15812887447739926
25.700000000000003	0.1572852455347663
25.8	0.1564536657673367
25.900000000000002	0.15563384075074235
26.	0.15482546828171206
26.1	0.15402828061415544
26.200000000000003	0.1532420076220241
26.3	0.15246638427891251
26.400000000000002	0.1517011643558093
26.5	0.15094608734870804
26.6	0.15020094554651184
26.700000000000003	0.14946550129073943
26.8	0.14873953714704383
26.900000000000002	0.14802283252476503
27.	0.14731518861728876
27.1	0.1466164085705192
27.200000000000003	0.14592629930071965
27.3	0.1452446671015789
27.400000000000002	0.14457133035730904
27.5	0.14390612305953188
27.6	0.1432488756278667
27.700000000000003	0.14259941626927658
27.8	0.14195758425406163
27.900000000000002	0.14132323050340845
28.	0.1406962067067834
28.1	0.14007634469012836
28.200000000000003	0.13946352675314228
28.3	0.1388576046484001
28.400000000000002	0.13825844112303418
28.5	0.1376659127776329
28.6	0.13707988872266952
28.700000000000003	0.13650024095356353
28.8	0.13592686233867748
28.900000000000002	0.1353596193616967
29.	0.13479841316698388
29.1	0.13424311605545408
29.200000000000003	0.13369363091451278
29.3	0.1331498512789773
29.400000000000002	0.13261167961458767
29.5	0.13207901477804415
29.6	0.13155173849574306
29.700000000000003	0.13102978882197236
29.8	0.13051305198572247
29.900000000000002	0.13000143987950444
30.	0.12949487042269564
30.1	0.12899324411228033
30.200000000000003	0.12849649639919417
30.3	0.12800453762889746
30.400000000000002	0.12751727938692872
30.5	0.12703465174064646
30.6	0.12655658567849998
30.700000000000003	0.12608299527860473
30.8	0.12561381493357288
30.900000000000002	0.12514896725137642
31.	0.1246883904859644
31.1	0.12423200684672972
31.200000000000003	0.12377974985761342
31.3	0.123331574974314
31.400000000000002	0.12288739579262337
31.5	0.12244715822255924
31.6	0.12201079752955801
31.700000000000003	0.12157827544428457
31.8	0.12114950407170981
31.900000000000002	0.12072444335457025
32.	0.12030303932917072
32.1	0.11988522883192558
32.2	0.11947095307207808
32.3	0.11906018543594925
32.400000000000006	0.11865284627276781
32.5	0.11824891038430874
32.6	0.1178483086500237
32.7	0.11745099638362946
32.8	0.11705694541348804
32.900000000000006	0.11666608984047522
33.	0.11627838932155912
33.1	0.11589378663461548
33.2	0.1155122760672314
33.300000000000004	0.11513378096876188
33.4	0.11475826990267368
33.5	0.11438570037953268
33.6	0.11401604429094414
33.7	0.11364923144461618
33.800000000000004	0.11328525993636629
33.9	0.1129240736830358
34.	0.11256563362239798
34.1	0.11220990872677829
34.2	0.11185685779805536
34.300000000000004	0.11150645701481632
34.4	0.11115866224270804
34.5	0.1108134453865907
34.6	0.11047076248601759
34.7	0.11013059195517509
34.800000000000004	0.10979289631264376
34.9	0.10945765119283087
35.	0.10912481824221493
35.1	0.10879436198770487
35.2	0.1084662768869491
35.300000000000004	0.10814050147470554
35.4	0.10781702605317783
35.5	0.10749582320198757
35.6	0.10717685150767398
35.7	0.10686010138198547
35.800000000000004	0.10654553626660852
35.9	0.10623312758820241
36.	0.10592285355205057
36.1	0.10561468931784289
36.2	0.1053086048495347
36.300000000000004	0.10500457758560153
36.4	0.10470258422003562
36.5	0.10440260551934423
36.6	0.10410460827477772
36.7	0.10380858127140476
36.800000000000004	0.10351448281561097
36.9	0.10322232009887723
37.	0.10293204641432761
37.1	0.10264364678245708
37.2	0.10235709837580864
37.300000000000004	0.10207237967051683
37.4	0.10178947898652568
37.5	0.1015083739655152
37.6	0.10122903043754693
37.7	0.10095144879895665
37.800000000000004	0.10067559384350254
37.9	0.10040144999552822
38.	0.10012900131300102
38.1	0.09985823667148004
38.2	0.09958912244531361
38.300000000000004	0.09932164910649462
38.4	0.09905579490214783
38.5	0.09879155677778469
38.6	0.09852890130843533
38.7	0.09826781411642692
38.800000000000004	0.09800827910739483
38.9	0.09775028742840383
39.	0.09749381572164327
39.1	0.09723884529628216
39.2	0.0969853680021439
39.300000000000004	0.09673336875448432
39.400000000000006	0.09648282013842693
39.5	0.09623372517450737
39.6	0.09598605079228362
39.7	0.09573979888080554
39.800000000000004	0.09549494420851627
39.900000000000006	0.09525147715704814
40.	0.0950093757884537
40.1	0.09476863541304786
40.2	0.09452924144480068
40.300000000000004	0.09429117816913836
40.400000000000006	0.09405443679689862
40.5	0.0938189908585316
40.6	0.09358485090344804
40.7	0.09335197953384221
40.800000000000004	0.0931203762696574
40.900000000000006	0.0928900285487026
41.	0.0926609193665313
41.1	0.09243305160122374
41.2	0.0922063897045601
41.300000000000004	0.09198094134078041
41.400000000000006	0.09175668234085442
41.5	0.09153361288056375
41.6	0.09131171143380377
41.7	0.09109096948107254
41.800000000000004	0.0908713816237164
41.900000000000006	0.09065293127781303
42.	0.09043561030837084
42.1	0.09021941477978021
42.2	0.09000431295215601
42.300000000000004	0.08979031509452312
42.400000000000006	0.08957740424035955
42.5	0.08936556786431697
42.6	0.0891548049466389
42.7	0.08894508893068716
42.800000000000004	0.08873643233928265
42.900000000000006	0.08852880268172961
43.	0.08832220904331814
43.1	0.08811663445258093
43.2	0.08791206807707914
43.300000000000004	0.08770850120956299
43.400000000000006	0.08750592529876544
43.5	0.08730433980908699
43.6	0.08710372263892747
43.7	0.08690406822166448
43.800000000000004	0.0867053756999612
43.900000000000006	0.08650763748495317
44.	0.08631083315358828
44.1	0.08611495555315961
44.2	0.08592001525830127
44.300000000000004	0.08572598083239126
44.400000000000006	0.08553285582421215
44.5	0.08534063958314905
44.6	0.08514930864982806
44.7	0.08495886404974043
44.800000000000004	0.08476929482365592
44.900000000000006	0.08458059822435679
45.	0.08439275515639118
45.1	0.08420577287434128
45.2	0.08401964404897255
45.300000000000004	0.08383435200201181
45.400000000000006	0.08364988820550845
45.5	0.08346625507092179
45.6	0.08328344305018738
45.7	0.08310143519783622
45.800000000000004	0.0829202386453381
45.900000000000006	0.0827398491708175
46.	0.08256023750223064
46.1	0.08238141666891113
46.2	0.08220337724487685
46.300000000000004	0.08202611004850723
46.400000000000006	0.08184961528099206
46.5	0.08167387015092346
46.6	0.08149888086536407
46.7	0.0813246480874897
46.800000000000004	0.08115115462536673
46.900000000000006	0.08097839038467959
47.	0.08080635838750133
47.1	0.08063505350957365
47.2	0.08046445968651568
47.300000000000004	0.08029458760692053
47.400000000000006	0.08012541994097351
47.5	0.07995695114021188
47.6	0.07978917560712889
47.7	0.07962209311334462
47.800000000000004	0.07945569346689235
47.900000000000006	0.07928997822846978
48.	0.07912493120930299
48.1	0.07896055182038686
48.2	0.07879684388848195
48.300000000000004	0.07863378356622511
48.400000000000006	0.07847138262791689
48.5	0.0783096292655573
48.6	0.07814851419095178
48.7	0.07798804178962154
48.800000000000004	0.07782819943953045
48.900000000000006	0.0776689862620405
49.	0.07751039560235704
49.1	0.07735241958867677
49.2	0.0771950629873537
49.300000000000004	0.07703831423429502
49.400000000000006	0.07688216829317637
49.5	0.07672662282137017
49.6	0.07657167014221804
49.7	0.07641730949338779
49.800000000000004	0.07626353892094641
49.900000000000006	0.07611034332282131
50.	0.07595773098563359
50.1	0.07580568318863899
50.2	0.07565420992837332
50.300000000000004	0.07550330097644063
50.400000000000006	0.07535295431330019
50.5	0.07520316085866291
50.6	0.07505391699018318
50.7	0.07490522666142119
50.800000000000004	0.07475707349245231
50.900000000000006	0.07460946567739891
51.	0.07446239333023823
51.1	0.07431584795759426
51.2	0.0741698303363014
51.300000000000004	0.0740243413676035
51.400000000000006	0.07387936965510594
51.5	0.07373490985803696
51.6	0.07359097171252252
51.7	0.07344753963496745
51.800000000000004	0.07330460826770938
51.900000000000006	0.07316217995233153
52.	0.07302025585688855
52.1	0.07287881826561105
52.2	0.07273786978078775
52.300000000000004	0.07259741143769496
52.400000000000006	0.07245743794553447
52.5	0.07231794782384666
52.6	0.07217892501242347
52.7	0.07204038556923897
52.800000000000004	0.07190231081652197
52.900000000000006	0.07176470418374474
53.	0.07162755408568214
53.1	0.07149086830596607
53.2	0.07135463942940125
53.300000000000004	0.07121886607334368
53.400000000000006	0.07108353998584566
53.5	0.0709486649551608
53.6	0.07081423038624395
53.7	0.07068023626015259
53.800000000000004	0.07054667887038762
53.900000000000006	0.07041355483729865
54.	0.07028086746681343
54.1	0.07014860434416054
54.2	0.07001677070635216
54.300000000000004	0.06988535614938234
54.400000000000006	0.06975436223266256
54.5	0.06962378224355796
54.6	0.06949361852720964
54.7	0.06936386422879143
54.800000000000004	0.06923452001979764
54.900000000000006	0.06910558163077717
55.	0.0689770426936682
55.1	0.06884890675980518
55.2	0.06872116495921422
55.300000000000004	0.06859381770464182
55.400000000000006	0.06846686461477537
55.5	0.06834029463812483
55.6	0.06821411777392579
55.7	0.06808831822336857
55.800000000000004	0.06796290150586307
55.900000000000006	0.0678378661903679
56.	0.06771320409635931
56.1	0.0675889133142501
56.2	0.06746499965958355
56.300000000000004	0.06734144736902685
56.400000000000006	0.06721826226370815
56.5	0.06709544282413953
56.6	0.06697298087762331
56.7	0.06685088163505244
56.800000000000004	0.06672913717982745
56.900000000000006	0.06660774436825767
57.	0.06648670458042587
57.1	0.0663660149653027
57.2	0.06624566695461605
57.300000000000004	0.06612566891316272
57.400000000000006	0.06600601284056344
57.5	0.06588669149906604
57.6	0.06576771324788701
57.7	0.06564906796168167
57.800000000000004	0.06553075985150653
57.900000000000006	0.0654127727186688
58.	0.06529512397344851
58.1	0.06517779842936611
58.2	0.06506080034767829
58.300000000000004	0.06494412358040663
58.400000000000006	0.06482776619067247
58.5	0.06471173015066124
58.6	0.06459601084113445
58.7	0.06448060080833184
58.800000000000004	0.06436550950805069
58.900000000000006	0.06425072709924197
59.	0.06413624941867144
59.1	0.06402208328185356
59.2	0.06390822241950977
59.300000000000004	0.06379466156900583
59.400000000000006	0.06368140325194295
59.5	0.06356844269570718
59.6	0.06345577939569588
59.7	0.06334341400216634
59.800000000000004	0.06323134344717647
59.900000000000006	0.06311956736841548
60.	0.06300808155183552
60.1	0.0628968811922219
60.2	0.06278596567477786
60.300000000000004	0.0626753396808875
60.400000000000006	0.0625649955452512
60.5	0.06245493676771019
60.6	0.06234516072773483
60.7	0.06223565653548656
60.800000000000004	0.06212643512810352
60.900000000000006	0.06201749006907874
61.	0.06190882016739993
61.1	0.061800421537705444
61.2	0.06169230049841837
61.300000000000004	0.06158444079918456
61.400000000000006	0.06147685744501121
61.5	0.06136953671265265
61.6	0.06126248831000453
61.7	0.061155702746109396
61.800000000000004	0.06104918065167557
61.900000000000006	0.060942920359508684
62.	0.06083692700185138
62.1	0.06073118976171375
62.2	0.06062571562608122
62.300000000000004	0.060520490912821356
62.400000000000006	0.06041553327251964
62.5	0.06031083040819647
62.6	0.060206385239677064
62.7	0.060102190469807644
62.800000000000004	0.05999825389369604
62.900000000000006	0.059894566450531546
63.	0.05979113344926378
63.1	0.05968795198784631
63.2	0.059585022235671636
63.300000000000004	0.05948234190147252
63.400000000000006	0.05937991310956297
63.5	0.05927773013469417
63.6	0.05917580193271897
63.7	0.059074120764177486
63.800000000000004	0.05897268490331701
63.900000000000006	0.058871500519657706
64.	0.058770563674149255
64.1	0.05866987338446218
64.2	0.058569433384457865
64.30000000000001	0.058469240189840684
64.4	0.05836929464752735
64.5	0.058269596668674255
64.6	0.05817015141523947
64.7	0.05807094990667812
64.80000000000001	0.05797200442993404
64.9	0.05787331003391858
65.	0.05777486243068717
65.10000000000001	0.05767666813457717
65.2	0.057578730075953266
65.3	0.05748104081071063
65.4	0.05738361485537614
65.5	0.05728644018765085
65.60000000000001	0.05718952739164715
65.7	0.057092876769659476
65.8	0.05699648738927271
65.9	0.056900361050048365
66.	0.05680450035829415
66.10000000000001	0.05670891303859359
66.2	0.0566135950173191
66.3	0.05651855481133845
66.4	0.05642379067249665
66.5	0.05632930913316225
66.60000000000001	0.05623511383088864
66.7	0.0561412078525163
66.8	0.05604759379057782
66.9	0.055954283234887235
67.	0.055861272996244465
67.10000000000001	0.05576857200425625
67.2	0.05567618847217029
67.3	0.05558412060954993
67.4	0.05549238007475607
67.5	0.05540097888877366
67.60000000000001	0.0553099162064004
67.7	0.05521920270044291
67.8	0.05512885194482975
67.9	0.05503886833542083
68.	0.05494925952527961
68.10000000000001	0.054860041751354255
68.2	0.05477122237760733
68.3	0.05468281730377463
68.4	0.05459483791572322
68.5	0.05450729691509717
68.60000000000001	0.05442020799748251
68.7	0.0543335943458919
68.8	0.054247462758412794
68.9	0.05416183781272817
69.	0.05407674210807789
69.10000000000001	0.05399218877811664
69.2	0.05390820621862716
69.3	0.05382481723563376
69.4	0.053742048157651774
69.5	0.0536599259526677
69.60000000000001	0.05357848090137526
69.7	0.05349774877642804
69.8	0.05341775901648624
69.9	0.05333855113337431
70.	0.05326016622444628
70.10000000000001	0.05318264782991679
70.2	0.05310604010974215
70.3	0.05303039479451347
70.4	0.05295576712882838
70.5	0.05288221395719124
70.60000000000001	0.052809797529006566
70.7	0.0527385887261808
70.8	0.05266865760575842
70.9	0.052600084891508914
71.	0.05253295632285777
71.10000000000001	0.05246736460257149
71.2	0.05240340863175708
71.3	0.05234119798303364
71.4	0.05228084877537588
71.5	0.05222248751645813
71.60000000000001	0.052166250549748126
71.7	0.05211228689963626
71.8	0.05206076043538837
71.9	0.05201183443088912
72.	0.05196569845229592
72.10000000000001	0.05192255538512435
72.2	0.05188262041990197
72.3	0.05184612656669996
72.4	0.05181332524367569
72.5	0.0517844860368863
72.60000000000001	0.05175989434327566
72.7	0.0517398590297092
72.8	0.05172470673058675
72.9	0.05171478266269602
73.	0.05171046104444515
73.10000000000001	0.05171212506198734
73.2	0.05172017693425403
73.3	0.05173505628289886
73.4	0.0517571839241175
73.5	0.05178703123711763
73.60000000000001	0.05182505823468017
73.7	0.0518717425987137
73.8	0.051927577736184095
73.9	0.05199303351192067
74.	0.05206860886149063
74.10000000000001	0.052154787134438683
74.2	0.052252044130361885
74.3	0.0523608787777191
74.4	0.05248174459283587
74.5	0.05261511447118568
74.60000000000001	0.052761461054846304
74.7	0.05292125980930299
74.8	0.05309497608151314
74.9	0.05328313408111463
75.	0.053486253263938514
75.10000000000001	0.05370491491886512
75.2	0.05393971786971873
75.3	0.05419139224285333
75.4	0.05446070837026252
75.5	0.05474859193508642
75.60000000000001	0.05505609720818791
75.7	0.055384461075079355
75.8	0.05573513574599924
75.9	0.056109887106442574
76.	0.056510803033652295
76.10000000000001	0.05694040049706184
76.2	0.057401833582398365
76.3	0.057898890481664904
76.4	0.05843647081312486
76.5	0.05902076341701082
76.60000000000001	0.05965991475791872
76.7	0.06036486382500643
76.8	0.06115086918058769
76.9	0.0620401404117866
77.	0.0630675312869509
77.10000000000001	0.06429277812764274
77.2	0.06583468964651756
77.3	0.06801290495459408
77.4	0.0737045579432587
77.5	0.07356945335413433
77.60000000000001	0.07349427292697232
77.7	0.07334499717346141
77.80000000000001	0.07326937109532569
77.9	0.07318721961988138
78.	0.073070045977078
78.10000000000001	0.07297314326526763
78.2	0.07287385991860117
78.30000000000001	0.07276383008625682
78.4	0.07266418876209635
78.5	0.07256571154597373
78.60000000000001	0.07247356598810396
78.7	0.07239021629739148
78.80000000000001	0.07229391140434425
78.9	0.07221525121940814
79.	0.07211669442415762
79.10000000000001	0.07202143556756666
79.2	0.07191228006954281
79.30000000000001	0.07180579420693406
79.4	0.07174101051238907
79.5	0.07163797356543114
79.60000000000001	0.0715405257043255
79.7	0.07144626481666255
79.80000000000001	0.0713522163859052
79.9	0.07125835565377328
80.	0.07116734846947814
80.10000000000001	0.07107658035549684
80.2	0.07098599057524276
80.30000000000001	0.07089561336427302
80.4	0.07080544249592617
80.5	0.07071544064395048
80.60000000000001	0.07062561826443224
80.7	0.07053601221417743
80.80000000000001	0.07044896682859653
80.9	0.07034882842102785
81.	0.07026144132634755
81.10000000000001	0.07017312896791154
81.2	0.07008334053748587
81.30000000000001	0.06999051316884794
81.4	0.06990365983818332
81.5	0.06982256574820987
81.60000000000001	0.0697351076889326
81.7	0.06964744704479253
81.80000000000001	0.06955935558982497
81.9	0.0694396826959884
82.	0.0693679726763743
82.10000000000001	0.06928107830991302
82.2	0.06919542885976643
82.30000000000001	0.06910994857567984
82.4	0.06902469138017711
82.5	0.06893966924524854
82.60000000000001	0.06885488372215454
82.7	0.06877032168239361
82.80000000000001	0.06868598834009312
82.9	0.06860188195672079
83.	0.06851801158507592
83.10000000000001	0.068434364475904
83.2	0.06835094657266469
83.30000000000001	0.06826775422545844
83.4	0.06818478231550587
83.5	0.0681020458323024
83.60000000000001	0.06801953449754367
83.7	0.06793723991923731
83.80000000000001	0.06785517639119854
83.9	0.06777333855772795
84.	0.06769172458396612
84.10000000000001	0.06761033286288125
84.2	0.06752916211343007
84.30000000000001	0.06744821630201747
84.4	0.06736749048584104
84.5	0.06728698906688474
84.60000000000001	0.06720670090224748
84.7	0.06712663753618395
84.80000000000001	0.06704679478960607
84.9	0.06696716415284909
85.	0.06688776002224517
85.10000000000001	0.06680856884781661
85.2	0.06672959299062683
85.30000000000001	0.06665083337670931
85.4	0.06657228920660009
85.5	0.0664939577776125
85.60000000000001	0.06641584039323957
85.7	0.06633794125647766
85.80000000000001	0.0662602525403086
85.9	0.06618277409308204
86.	0.06610550545461161
86.10000000000001	0.06602845319531177
86.2	0.06595160585932475
86.30000000000001	0.06587496843251124
86.4	0.06579853667189588
86.5	0.0657223164109809
86.60000000000001	0.06564630338241804
86.7	0.06557049276975406
86.80000000000001	0.06549488565924046
86.9	0.06541948878835613
87.	0.06534429281144326
87.10000000000001	0.06526929991305652
87.2	0.06518381775142419
87.30000000000001	0.0651099537180919
87.4	0.06503580008569149
87.5	0.06496188541944144
87.60000000000001	0.06488815671398045
87.7	0.06481461885376158
87.80000000000001	0.0647412640994802
87.9	0.06466810589982822
88.	0.0645951297778114
88.10000000000001	0.06452234132058601
88.2	0.0644497407520745
88.30000000000001	0.06437732840397493
88.4	0.06430510238944044
88.5	0.06423306134730287
88.60000000000001	0.06416120816867656
88.7	0.06408953826255406
88.80000000000001	0.06401805066850241
88.9	0.06394674998810561
89.	0.06387562948843954
89.10000000000001	0.06380469783719914
89.2	0.06373394607042827
89.30000000000001	0.06366337823221405
89.4	0.06359299252458231
89.5	0.06352278891580804
89.60000000000001	0.06345275243681604
89.7	0.06338289255843363
89.80000000000001	0.06331321496153891
89.9	0.06324371403909941
90.	0.06317439385227501
90.10000000000001	0.06310524953927368
90.2	0.0630362841133177
90.30000000000001	0.06296749596101776
90.4	0.06289888135117855
90.5	0.06283044426402999
90.60000000000001	0.06276224781986559
90.7	0.06269478354111219
90.80000000000001	0.06262726208635491
90.9	0.06255991125013008
91.	0.06249263626628778
91.10000000000001	0.062416454690722635
91.2	0.06234963642162973
91.30000000000001	0.062282603718405154
91.4	0.06221575947715916
91.5	0.062149064383257346
91.60000000000001	0.06208253895161036
91.7	0.06201618186029322
91.80000000000001	0.061949995824753336
91.9	0.06188398095283446
92.	0.06181813294029837
92.10000000000001	0.061752449598773254
92.2	0.06168693833074557
92.30000000000001	0.061621589623740966
92.4	0.061556405468596476
92.5	0.06149138946344883
92.60000000000001	0.06142653474196993
92.7	0.06136184509982122
92.80000000000001	0.06129731881680679
92.9	0.061232951241516224
93.	0.0611687482233718
93.10000000000001	0.06110470642116204
93.2	0.06104082564627388
93.30000000000001	0.0609771010765388
93.4	0.06091353866251218
93.5	0.060850133385114816
93.60000000000001	0.060786886651393104
93.7	0.06072379559004691
93.80000000000001	0.060660863523608693
93.9	0.060598088052678155
94.	0.060535464938667446
94.10000000000001	0.0604729986187796
94.2	0.060410687810074123
94.30000000000001	0.06034852967852898
94.4	0.060286522970184116
94.5	0.06022467193726807
94.60000000000001	0.06016297058207618
94.7	0.06010142052394782
94.80000000000001	0.06004002449897513
94.9	0.05997877582976483
95.	0.0599176749287218
95.10000000000001	0.05985672851311676
95.2	0.05979592713523224
95.30000000000001	0.059735275347062945
95.4	0.05967476984679716
95.5	0.05961441184847239
95.60000000000001	0.059554199692323256
95.7	0.059494135186461225
95.80000000000001	0.059434214036001395
95.9	0.059374439345695716
96.	0.059314807046076466
96.10000000000001	0.05925531943775911
96.2	0.05919597408379558
96.30000000000001	0.059136774107828007
96.4	0.059077713662588106
96.5	0.05900992538451638
96.60000000000001	0.058960232348561556
96.7	0.058901377355068424
96.80000000000001	0.05884288687364633
96.9	0.058784528684622896
97.	0.058726310596077476
97.10000000000001	0.058659721662768435
97.2	0.058602150354512814
97.30000000000001	0.05855267566571358
97.4	0.05848647298854771
97.5	0.05842930600460408
97.60000000000001	0.05837195171835804
97.7	0.0583147442549186
97.80000000000001	0.0582576712399576
97.9	0.05820073123458624
98.	0.058143927798425976
98.10000000000001	0.05808725324857166
98.2	0.058030715589752695
98.30000000000001	0.057974305968373434
98.4	0.057918030714552905
98.5	0.05786188474663456
98.60000000000001	0.05780587035146941
98.7	0.057749986595303754
98.80000000000001	0.057694232103675
98.9	0.05763860871981574
99.	0.057583111013824205
99.10000000000001	0.05752774481861375
99.2	0.05747250577376081
99.30000000000001	0.057417394434675334
99.4	0.05736240898197562
99.5	0.05730755074078349
99.60000000000001	0.05725281872172437
99.7	0.05719821298901096
99.80000000000001	0.05714373249422634
99.9	0.05708937664821224
100.	0.057035144043952345
100.10000000000001	0.056981037602679835
100.2	0.05692705153006954
100.30000000000001	0.056873193342930235
100.4	0.05681945456029685
100.5	0.05676583645063677
100.60000000000001	0.05671234414508203
100.7	0.056658971304478715
100.80000000000001	0.05660571858675971
100.9	0.056552589892540646
101.	0.056499578751787384
101.10000000000001	0.05644668685441766
101.2	0.05639391531103277
101.30000000000001	0.05634126270895509
101.4	0.05628872844774354
101.5	0.05623631099422398
101.60000000000001	0.056184012409099184
101.7	0.05613183217128477
101.80000000000001	0.05607976760329996
101.9	0.05602781868822572
102.	0.055975987504392505
102.10000000000001	0.055924271691152584
102.2	0.05587267051793434
102.30000000000001	0.05582118389983325
102.4	0.05576981254224112
102.5	0.05571855407296113
102.60000000000001	0.055667411289684325
102.7	0.0556163799080849
102.80000000000001	0.05556546332882472
102.9	0.05551465778079513
103.	0.05546396518638235
103.10000000000001	0.05541338444383274
103.2	0.05536291426520354
103.30000000000001	0.05531255547716373
103.4	0.05526230811191675
103.5	0.055212169949447006
103.60000000000001	0.05516214210885718
103.7	0.055112223903252246
103.80000000000001	0.05506241461429723
103.9	0.055012714103082734
104.	0.05496312358953919
104.10000000000001	0.05491364033679732
104.2	0.0548642626280965
104.30000000000001	0.05481499328526906
104.4	0.054765832632484655
104.5	0.05471677793887796
104.60000000000001	0.05466782840451024
104.7	0.05461898512456494
104.80000000000001	0.05457024723309014
104.9	0.054521615437536065
105.	0.054473087999699146
105.10000000000001	0.05442466556798415
105.2	0.05437634696277872
105.30000000000001	0.05432813195396559
105.4	0.05428002081517534
105.5	0.05423201223334651
105.60000000000001	0.05418410666758098
105.7	0.05413630468688743
105.80000000000001	0.05408860157778401
105.9	0.05404100356278518
106.	0.05399350551131062
106.10000000000001	0.053946109459737684
106.2	0.053898813573903546
106.30000000000001	0.05385161796469905
106.4	0.05380452170395089
106.5	0.05375752669557717
106.60000000000001	0.053710630708504396
106.7	0.053663832710174664
106.80000000000001	0.05361713513024597
106.9	0.05357053533608592
107.	0.05352403422650891
107.10000000000001	0.053477629733370974
107.2	0.05343132350873475
107.30000000000001	0.053385114339259576
107.4	0.05333900290905482
107.5	0.053292986417010246
107.60000000000001	0.05324706704897376
107.7	0.05320124214200292
107.80000000000001	0.05315551603592062
107.9	0.05310988430611025
108.	0.05306434623832976
108.10000000000001	0.05301890361366056
108.2	0.052973555439776124
108.30000000000001	0.05292830017770719
108.4	0.05288314039278763
108.5	0.05283807357204571
108.60000000000001	0.05279309962610888
108.7	0.05274821838601617
108.80000000000001	0.05270343060071627
108.9	0.052658734057943586
109.	0.05261413111555984
109.10000000000001	0.05256961846729925
109.2	0.052525197393958056
109.30000000000001	0.052480867915343246
109.4	0.05243662946860935
109.5	0.05239248056708084
109.60000000000001	0.05234842247869918
109.7	0.052304454617199514
109.80000000000001	0.05226057613045653
109.9	0.05221678707478506
110.	0.05217308729399744
110.10000000000001	0.05212947664591161
110.2	0.05208595418442676
110.30000000000001	0.05204251978397009
110.4	0.05199917470868362
110.5	0.051955915864918344
110.60000000000001	0.05191274379058427
110.7	0.0518696613061014
110.80000000000001	0.05182666450950791
110.9	0.05178375434284867
111.	0.05174092980801413
111.10000000000001	0.05169819207073263
111.2	0.05165554012907106
111.30000000000001	0.0516129739171426
111.4	0.05157049336533643
111.5	0.05152809664926917
111.60000000000001	0.05148578554845179
111.7	0.05144355912654417
111.80000000000001	0.051401435641758246
111.9	0.051359402182029265
112.	0.05131745082839653
112.10000000000001	0.05127558242311734
112.2	0.05123379679089639
112.30000000000001	0.05119209375312462
112.4	0.051150473657565275
112.5	0.0511089346554093
112.60000000000001	0.05106747744254354
112.7	0.051026102800133505
112.80000000000001	0.05098480841021018
112.9	0.05094359640612622
113.	0.050902462417225784
113.10000000000001	0.050861411040830605
113.2	0.05082043945257162
113.30000000000001	0.050779548655676174
113.4	0.05073873676701685
113.5	0.05069800478189983
113.60000000000001	0.05065735158905444
113.7	0.050616778349953775
113.80000000000001	0.05057628405877637
113.9	0.05053586756848037
114.	0.050495530205473003
114.10000000000001	0.050455270998237434
114.2	0.050415089567204564
114.30000000000001	0.05037498629043926
114.4	0.050334959255864294
114.5	0.05029500953105103
114.60000000000001	0.050255138018160075
114.7	0.05021084722115132
114.80000000000001	0.050173496904045226
114.9	0.05013158419635042
115.	0.05009210190238987
115.10000000000001	0.05005255766234536
115.2	0.050013051825302426
115.30000000000001	0.049973659236023135
115.4	0.049936155140809554
115.5	0.04989659998936467
115.60000000000001	0.049858343266207666
115.7	0.04981936267707614
115.80000000000001	0.04978044752310354
115.9	0.04974155491592317
116.	0.04970244813397336
116.10000000000001	0.049660518709704844
116.2	0.04962016872273968
116.30000000000001	0.049586860551423695
116.4	0.04954275545033407
116.5	0.04950935631494603
116.60000000000001	0.04946598233580625
116.7	0.04943265286610693
116.80000000000001	0.04938948551738097
116.9	0.04935626265578151
117.	0.04931325888316405
117.10000000000001	0.049280193724132615
117.2	0.04923728631835717
117.30000000000001	0.049204470963503034
117.4	0.04916160992701884
117.5	0.049129008336153135
117.60000000000001	0.049086225331101026
117.7	0.04905381365089705
117.80000000000001	0.04901112818186019
117.9	0.048978887666786965
118.	0.048936315578306924
118.10000000000001	0.048904231411724446
118.2	0.0488617839439903
118.30000000000001	0.04882984869637389
118.4	0.048787530568250796
118.5	0.04875573760128828
118.60000000000001	0.048713555347326944
118.7	0.0486818958941765
118.80000000000001	0.04863985379686461
118.9	0.04860832403505713
119.	0.048566424037972705
119.10000000000001	0.04853502104215874
119.2	0.04849326557037808
119.30000000000001	0.048461989277749216
119.4	0.048420374681819776
119.5	0.04838922520619938
119.60000000000001	0.0483481914291659
119.7	0.04831592580640463
119.80000000000001	0.04827649450992601
119.9	0.048243137420134835
120.	0.048204853552346015
120.10000000000001	0.048173344537130555
120.2	0.04813303071987596
120.30000000000001	0.048099555150899705
120.4	0.04806388538073338
120.5	0.04802849570196174
120.60000000000001	0.04799300517571944
120.7	0.0479575446288943
120.80000000000001	0.047922110871475326
120.9	0.047886722185920126
121.	0.04785138376926164
121.10000000000001	0.047816099926403045
121.2	0.04778082977974433
121.30000000000001	0.04774562614122323
121.4	0.04771049762037963
121.5	0.04767542891869399
121.60000000000001	0.04764041270596802
121.7	0.04760544447034171
121.80000000000001	0.04757051897551258
121.9	0.047535628119042946
122.	0.04750076224185831
122.10000000000001	0.047465903981746146
122.2	0.047431028573916297
122.30000000000001	0.04739608678804467
122.4	0.04736098906680911
122.5	0.0473163554661477
122.60000000000001	0.04729097344875649
122.7	0.047257782992617056
122.80000000000001	0.04722341450945877
122.9	0.04717940748666667
123.	0.04715412232578591
123.10000000000001	0.04712086795769561
123.2	0.04707740465079603
123.30000000000001	0.04705199019009633
123.4	0.04701900018574165
123.5	0.046976272546903064
123.60000000000001	0.04694976677428745
123.7	0.04691939087339916
123.80000000000001	0.04688588168866248
123.9	0.046852494849504475
124.	0.04681904299956801
124.10000000000001	0.04678565081304721
124.2	0.04675224873581306
124.30000000000001	0.04671873194046317
124.4	0.04668355247502059
124.5	0.046650173689516995
124.60000000000001	0.04661693509022423
124.7	0.04658479290451053
124.80000000000001	0.046551886713259376
124.9	0.04651924864718617
125.	0.04648642336743266
125.10000000000001	0.046453575237281206
125.2	0.04642070580455301
125.30000000000001	0.04638783455841212
125.4	0.04635496396135366
125.5	0.04632208842483696
125.60000000000001	0.04628918338123826
125.7	0.046256175739449006
125.80000000000001	0.04622298293784665
125.9	0.046190125474792634
126.	0.046158427663550224
126.10000000000001	0.0461256997565878
126.2	0.04609307324259672
126.30000000000001	0.0460618157626651
126.4	0.046028939785088284
126.5	0.04599692402075061
126.60000000000001	0.04596463393938756
126.7	0.045933288012908226
126.80000000000001	0.045900647062125634
126.9	0.045869593857546985
127.	0.04583682018425093
127.10000000000001	0.04580624970299211
127.2	0.04577321194487386
127.30000000000001	0.04574310567001387
127.4	0.045709813649396684
127.5	0.04568017949982619
127.60000000000001	0.045646624897230384
127.7	0.04561746332534628
127.80000000000001	0.045583644300721024
127.9	0.0455549571623764
128.	0.0455208700768373
128.10000000000002	0.04549266248708095
128.2	0.0454583008113647
128.3	0.04543058091966562
128.4	0.0453959944012718
128.5	0.04536860296347678
128.60000000000002	0.04533398521580068
128.7	0.0453066766031967
128.8	0.04527218620658095
128.9	0.04524495527316255
129.	0.04521059295924778
129.1	0.04518343980204073
129.20000000000002	0.045149205816173446
129.3	0.04512213194525921
129.4	0.04508802319926449
129.5	0.045061025320015165
129.6	0.04502704307038806
129.70000000000002	0.045000122389775646
129.8	0.044966265520465835
129.9	0.0449394217541988
130.	0.04490568932766421
130.1	0.044878920962031756
130.20000000000002	0.04484531343955165
130.3	0.04481861943675657
130.4	0.04478513630312328
130.5	0.04475852062058458
130.6	0.04472515684739104
130.70000000000002	0.044698615135345676
130.8	0.04466537550196936
130.9	0.04463891020211048
131.	0.044605789714358156
131.1	0.04457939844623589
131.20000000000002	0.04454639894368245
131.3	0.04452008353788683
131.4	0.044487202462620945
131.5	0.04446096136239859
131.6	0.04442819774497997
131.70000000000002	0.044402034643759324
131.8	0.04436938782478145
131.9	0.044343295145253946
132.	0.04431076642490274
132.1	0.04428474874219826
132.20000000000002	0.04425233605671481
132.3	0.04422639210432311
132.4	0.04419409533464998
132.5	0.044162608491975126
132.6	0.04413417130610976
132.70000000000002	0.04410277029969428
132.8	0.04407723655937003
132.9	0.044041340835751855
133.	0.04401824517101215
133.1	0.04398936877602504
133.20000000000002	0.043961130090141944
133.3	0.043930267964640855
133.4	0.043904375577193434
133.5	0.04387100909522353
133.6	0.043843896520058594
133.70000000000002	0.043820129449296065
133.8	0.04379457342121349
133.9	0.04376320903282514
134.	0.043732570908516
134.1	0.0437048467649704
134.20000000000002	0.04367387619864744
134.3	0.04364978334384688
134.4	0.04362047753155332
134.5	0.043588326140929404
134.6	0.04356014051594959
134.70000000000002	0.043532323264693626
134.8	0.04350392096103999
134.9	0.043476772497585595
135.	0.04344728774899943
135.1	0.04342231610294542
135.20000000000002	0.04339617489474986
135.3	0.043367431129428875
135.4	0.04334412823092806
135.5	0.043314837467077406
135.6	0.04329010899385599
135.70000000000002	0.043259572738061705
135.8	0.043229905809262496
135.9	0.04320297463848042
136.	0.04317285724180835
136.1	0.04314938168249357
136.20000000000002	0.0431207839065047
136.3	0.04309024216413282
136.4	0.043061134882651717
136.5	0.043037144255995086
136.6	0.04301063030687085
136.70000000000002	0.04298631180988786
136.8	0.042960793850014715
136.9	0.04293166333324661
137.	0.04290258133955797
137.1	0.04287625270910633
137.20000000000002	0.04284621746522068
137.3	0.04281725016245228
137.4	0.04279402427982094
137.5	0.04277222490421069
137.6	0.042743187805601185
137.70000000000002	0.04271446075133426
137.8	0.04268839131631421
137.9	0.04265885043861125
138.	0.04262968122790033
138.1	0.04260788606653442
138.20000000000002	0.04258190745046602
138.3	0.042552914369078085
138.4	0.04252281515515749
138.5	0.042503369439777706
138.6	0.042469268275492834
138.70000000000002	0.04245150730775418
138.8	0.04242671326531777
138.9	0.04239851437375943
139.	0.04237042391164597
139.1	0.04234483887683652
139.20000000000002	0.042316103045660254
139.3	0.042286812965458366
139.4	0.04226697861363376
139.5	0.04223544741823479
139.6	0.04221364690187623
139.70000000000002	0.04219067281014297
139.8	0.042164604128113986
139.9	0.04213913470608775
140.	0.04211217199553009
140.1	0.04208459247341025
140.20000000000002	0.04205942734429644
140.3	0.04203124630732361
140.4	0.04200217275205235
140.5	0.04198319215297909
140.6	0.04195005430446597
140.70000000000002	0.04193299013164127
140.8	0.04190834803738991
140.9	0.04188140788949283
141.	0.041854255530382724
141.1	0.041829806781106635
141.20000000000002	0.04179921843971552
141.3	0.04177786073327722
141.4	0.04175565666928351
141.5	0.041729292790567106
141.6	0.041702402039101354
141.70000000000002	0.04167852136338275
141.8	0.04165322810193066
141.9	0.04162177079852726
142.	0.04160334254273683
142.1	0.04157011278972767
142.20000000000002	0.041554630955271246
142.3	0.041528579203576894
142.4	0.04150204166444415
142.5	0.041478675768934034
142.6	0.04145264176260498
142.70000000000002	0.0414268288632408
142.8	0.04140154865548023
142.9	0.041378210556900004
143.	0.04135312303359527
143.1	0.0413311252466582
143.20000000000002	0.041306075846468934
143.3	0.04128254679096299
143.4	0.04125645327900789
143.5	0.04123039693077967
143.6	0.04120755848948253
143.70000000000002	0.04118109619456061
143.8	0.04115990357326229
143.9	0.04113421180890883
144.	0.041108362321046164
144.1	0.0410857548328161
144.20000000000002	0.04106336354641786
144.3	0.041037056297930044
144.4	0.041011382866852644
144.5	0.04098890239307221
144.6	0.040962353300577535
144.70000000000002	0.040942377123058545
144.8	0.04091641137383877
144.9	0.04089094017870574
145.	0.040868661247350294
145.1	0.04084633201171919
145.20000000000002	0.040820524509946464
145.3	0.040795211738652075
145.4	0.04077309291639144
145.5	0.04075075623345769
145.6	0.04072519145192432
145.70000000000002	0.04070003576093457
145.8	0.04067806710104778
145.9	0.040651402286354374
146.	0.040622628700680785
146.1	0.040607851967231434
146.20000000000002	0.04058322088409274
146.3	0.040558290702838465
146.4	0.04053655381977449
146.5	0.04050985508204727
146.6	0.04048225987391465
146.70000000000002	0.04046648914334111
146.8	0.04044338554950241
146.9	0.040419270117138265
147.	0.04039395060687282
147.1	0.04037403431525989
147.20000000000002	0.04034929727579396
147.3	0.04032475443897647
147.4	0.040303318785158755
147.5	0.04027689051460833
147.6	0.04025013217976887
147.70000000000002	0.040234001389649804
147.8	0.040211949489775405
147.9	0.040187525005985096
148.	0.04016324064548494
148.1	0.04014202039286783
148.20000000000002	0.040120070173817836
148.3	0.04009580184952867
148.4	0.04007166253208577
148.5	0.04005056632903136
148.6	0.04002869132334149
148.70000000000002	0.040004595542316494
148.8	0.03998060122747407
148.9	0.039959618271702
149.	0.03993784156953095
149.1	0.0399139005027463
149.20000000000002	0.03989005154699368
149.3	0.039869176930270527
149.4	0.039847509135986475
149.5	0.039823713335705446
149.6	0.03980000420547761
149.70000000000002	0.03977924906756406
149.8	0.03975766224509261
149.9	0.039734029003139965
150.	0.039710460051425665
150.1	0.039689815438880324
150.20000000000002	0.039668330091145634
150.3	0.03964484337218162
150.4	0.03962141476631027
150.5	0.03960087599946445
150.6	0.03957535990889315
150.70000000000002	0.039550682118053605
150.8	0.039531479297916255
150.9	0.03950561155987169
151.	0.03949057247593229
151.1	0.03946870948938121
151.20000000000002	0.03944633678415996
151.3	0.039421487903000776
151.4	0.03939579110245198
151.5	0.0393808552313348
151.6	0.03935910510836228
151.70000000000002	0.03933699036951337
151.8	0.03931594082192451
151.9	0.039293000072171264
152.	0.039270112209945786
152.1	0.03925000256224038
152.20000000000002	0.039229028934438824
152.3	0.03920624320271305
152.4	0.039183492747686045
152.5	0.03916346900381236
152.6	0.03914263979777251
152.70000000000002	0.03911995980796259
152.8	0.039097376489546795
152.9	0.03907733107505036
153.	0.03905316576706125
153.1	0.03902783689624462
153.20000000000002	0.03901347755630407
153.3	0.038991788863860184
153.4	0.038967541954610975
153.5	0.03894307691322972
153.6	0.038925278520629096
153.70000000000002	0.03889972267670199
153.8	0.03888595302469685
153.9	0.03886390838975196
154.	0.0388418157058514
154.1	0.03882170344603704
154.20000000000002	0.03879925758821923
154.3	0.03878028085014579
154.4	0.03875848342192044
154.5	0.038730399875046374
154.60000000000002	0.03871373181701466
154.70000000000002	0.038690567628790924
154.8	0.03867579818101336
154.9	0.038653680345815164
155.	0.0386263894990981
155.10000000000002	0.038612821078336274
155.20000000000002	0.038591160920706406
155.3	0.03856403975232979
155.4	0.0385504418170009
155.5	0.03852889160923194
155.60000000000002	0.0385019416155133
155.70000000000002	0.03848831056497732
155.8	0.03846687097024038
155.9	0.03844009411164023
156.	0.038426425033634304
156.10000000000002	0.03840516759296424
156.20000000000002	0.038383478526032834
156.3	0.038364549687153415
156.4	0.0383443739803952
156.5	0.03832311437206623
156.60000000000002	0.038296724098886355
156.70000000000002	0.038282985822002416
156.8	0.038262139193167025
156.9	0.03823972842748827
157.	0.03821414204802809
157.10000000000002	0.0381985582731887
157.20000000000002	0.03817546278749802
157.3	0.038158302984779416
157.4	0.038134292995562445
157.5	0.0381207616387766
157.60000000000002	0.03810001638016078
157.70000000000002	0.03807845976440946
157.8	0.0380572598950828
157.9	0.03803447555280912
158.	0.03801737109848265
158.10000000000002	0.037993695000697825
158.20000000000002	0.0379801465906213
158.3	0.0379597349122394
158.4	0.03793771182815572
158.5	0.037912921235222045
158.60000000000002	0.03790073052496732
158.70000000000002	0.03787985167599495
158.8	0.03785461429742277
158.9	0.03784140264638499
159.	0.037820388971769786
159.10000000000002	0.03779529953411722
159.20000000000002	0.03777886555867685
159.3	0.03775527411834756
159.4	0.03774222077279884
159.5	0.03772179885632927
159.60000000000002	0.037696946851966465
159.70000000000002	0.037680534840580905
159.8	0.037657169737471616
159.9	0.037644110914484406
160.	0.037623843865761536
160.10000000000002	0.03759923470578176
160.20000000000002	0.03758283566860885
160.3	0.03755970454561692
160.4	0.03754662881804441
160.5	0.03752658419883351
160.60000000000002	0.03750154628609918
160.70000000000002	0.03748843066446074
160.8	0.03746856288183396
160.9	0.03744284870786951
161.	0.0374274299849151
161.10000000000002	0.03740618916446101
161.20000000000002	0.03739233518915398
161.3	0.037372092305852686
161.4	0.037348056362441075
161.5	0.037331741280722065
161.60000000000002	0.03730918039729075
161.70000000000002	0.03729608963746229
161.8	0.03727660980886387
161.9	0.03725576938988087
162.	0.03723679676499381
162.10000000000002	0.03721762969366123
162.20000000000002	0.03719360597431094
162.3	0.03717915740982823
162.4	0.037157438486546124
162.5	0.03714145588981234
162.60000000000002	0.03711911258777238
162.70000000000002	0.03710624304755557
162.8	0.03708690259478316
162.9	0.03706201447760598
163.	0.037049946024511955
163.10000000000002	0.03703033486898949
163.20000000000002	0.03700704395025074
163.3	0.036990864567595455
163.4	0.03696906512881724
163.5	0.0369535826241817
163.60000000000002	0.03693136992644293
163.70000000000002	0.03691880387273184
163.8	0.036899514506836956
163.9	0.03687650056374775
164.	0.036860378877863934
164.10000000000002	0.03683886327857397
164.20000000000002	0.03682342914068527
164.3	0.036801482909462994
164.4	0.03678893631708366
164.5	0.03676988910969507
164.60000000000002	0.03674670068585621
164.70000000000002	0.036731132503713085
164.8	0.03670948058899802
164.9	0.03669357677158389
165.	0.03667817714810883
165.10000000000002	0.0366580357235356
165.20000000000002	0.036635132767217776
165.3	0.036620967183497666
165.4	0.036604401159666566
165.5	0.03658567506569291
165.60000000000002	0.03656883116456476
165.70000000000002	0.03655058200384283
165.8	0.03653259615418247
165.9	0.03651396292615774
166.	0.03649075222917242
166.10000000000002	0.036475011044970126
166.20000000000002	0.03645985775036803
166.3	0.03643998692448617
166.4	0.03641756622845085
166.5	0.036403451093420594
166.60000000000002	0.03638721095268395
166.70000000000002	0.03636854473145068
166.8	0.03634932787097
166.9	0.03633369569875012
167.	0.036312830007869945
167.10000000000002	0.036298471469703844
167.20000000000002	0.036280357543939726
167.3	0.03626084658611608
167.4	0.03624314242355348
167.5	0.03622514822631468
167.60000000000002	0.03620782267114087
167.70000000000002	0.03618912628859818
167.8	0.03617319307883677
167.9	0.036154610167022073
168.	0.03613618862219231
168.10000000000002	0.036119972567101165
168.20000000000002	0.03610226104957126
168.3	0.03608558823354152
168.4	0.03606517777287231
168.5	0.03605016963232167
168.60000000000002	0.036027404830939025
168.70000000000002	0.03601263332617705
168.8	0.035997508664439314
168.9	0.035976083662244224
169.	0.03596060208938592
169.10000000000002	0.035944649809017244
169.20000000000002	0.035926986588348
169.3	0.03591035957371995
169.4	0.03588806814034717
169.5	0.03587602787672288
169.60000000000002	0.03585829573324122
169.70000000000002	0.03583600043468005
169.8	0.035824104931090686
169.9	0.03580631733588299
170.	0.035786048008556615
170.10000000000002	0.035772333806284064
170.20000000000002	0.03575463435663951
170.3	0.03573750794188592
170.4	0.03571553226356437
170.5	0.03570356605367567
170.60000000000002	0.03568610072643878
170.70000000000002	0.03566376781015808
170.8	0.035649588881423874
170.9	0.03563462601202744
171.	0.035615565758986584
171.10000000000002	0.035600455362320364
171.20000000000002	0.03558204350797866
171.3	0.03556573920384699
171.4	0.03554718278966803
171.5	0.035532916594563625
171.60000000000002	0.0355100825936726
171.70000000000002	0.035497019694916275
171.8	0.03548157500477447
171.9	0.035465321230150414
172.	0.03544267682088989
172.10000000000002	0.035429580056737874
172.20000000000002	0.03541425683905322
172.3	0.03539709103029276
172.4	0.035381318440553276
172.5	0.03535842446989392
172.60000000000002	0.035345856785380006
172.70000000000002	0.03533038210270555
172.8	0.035314333997554126
172.9	0.03529293893199122
173.	0.035281358423966507
173.10000000000002	0.035264310868077416
173.20000000000002	0.03524781127317088
173.3	0.03522600704312755
173.4	0.03521248891877527
173.5	0.03519776552666871
173.60000000000002	0.03517997485231907
173.70000000000002	0.035163889481381674
173.8	0.03514639762026674
173.9	0.03513176393424019
174.	0.03511399973356833
174.10000000000002	0.03509812322870435
174.20000000000002	0.03508306630984377
174.3	0.035066272184242644
174.4	0.03505000690385527
174.5	0.03502843402231781
174.60000000000002	0.0350152104862973
174.70000000000002	0.03500060190362445
174.8	0.034983283787282424
174.9	0.03496240929769506
175.	0.0349502966415262
175.10000000000002	0.03493518664537797
175.20000000000002	0.034919344792706655
175.3	0.03490180920811851
175.4	0.034886264622741144
175.5	0.03487125858548654
175.60000000000002	0.03485278257706073
175.70000000000002	0.03483851793204538
175.8	0.034820941087623715
175.9	0.03480579610092754
176.	0.03479036263239864
176.10000000000002	0.03477464747403443
176.20000000000002	0.03475608964210396
176.3	0.03474228050851798
176.4	0.03472642876072944
176.5	0.034704957246122436
176.60000000000002	0.03469253399231104
176.70000000000002	0.03467793960899101
176.8	0.03466240682890902
176.9	0.034644219785776725
177.	0.03463072948866261
177.10000000000002	0.034614322717668886
177.20000000000002	0.03459884924017383
177.3	0.0345834305938384
177.4	0.03456449134886787
177.5	0.03454924640251495
177.60000000000002	0.034535662967119636
177.70000000000002	0.03451728520992737
177.8	0.03450181990803738
177.9	0.034488515003311446
178.	0.034472121933693256
178.10000000000002	0.034456741055733715
178.20000000000002	0.034440040386813385
178.3	0.034424431422786984
178.4	0.034408680804972606
178.5	0.034393293917558035
178.60000000000002	0.03437709411122527
178.70000000000002	0.0343626943198031
178.8	0.034347372758899875
178.9	0.03433078608102948
179.	0.0343153534153598
179.10000000000002	0.03429960480152233
179.20000000000002	0.03428459046113347
179.3	0.03426791265903256
179.4	0.034254537690166294
179.5	0.03423935973993935
179.60000000000002	0.03422188822940363
179.70000000000002	0.03420792584231259
179.8	0.034192707245369276
179.9	0.03417589981891569
180.	0.03416153112226184
180.10000000000002	0.0341465777899303
180.20000000000002	0.034130022748935056
180.3	0.03411530703744988
180.4	0.03410104844499537
180.5	0.0340799375506684
180.60000000000002	0.03406873580149908
180.70000000000002	0.034054481214993305
180.8	0.03403962898689615
180.9	0.03402326094481422
181.	0.034008540848662124
181.10000000000002	0.03399219924663513
181.20000000000002	0.03397908353866692
181.3	0.033964208043562004
181.4	0.03394712354675425
181.5	0.03393336987661508
181.60000000000002	0.0339184461348941
181.70000000000002	0.03390217250334215
181.8	0.03388769985796304
181.9	0.0338712057860418
182.	0.033856070420546544
182.10000000000002	0.03384120191152772
182.20000000000002	0.0338285740001668
182.3	0.03381308106137787
182.4	0.03379826705121664
182.5	0.03378327349410474
182.60000000000002	0.03376841475218673
182.70000000000002	0.03375341334323085
182.8	0.03373862277595091
182.9	0.033723628935946943
183.	0.03370888158724823
183.10000000000002	0.033693944996409556
183.20000000000002	0.03367921023493911
183.3	0.03366431546236074
183.4	0.03364960124336231
183.5	0.03363475437040329
183.60000000000002	0.03362005714041037
183.70000000000002	0.033605256419498644
183.8	0.03359057692096749
183.9	0.03357582294348082
184.	0.03356116088263671
184.10000000000002	0.03354645214896344
184.20000000000002	0.0335318085936088
184.3	0.033517144523827654
184.4	0.0335025215149552
184.5	0.03348789708443635
184.60000000000002	0.033473299872553396
184.70000000000002	0.03345871187188041
184.8	0.0334441424457694
184.9	0.03342958841743209
185.	0.03341504965727663
185.10000000000002	0.03340052687528139
185.20000000000002	0.03338601969622582
185.3	0.03337152782508878
185.4	0.03335705197373859
185.5	0.03334259104063725
185.60000000000002	0.033328145597324874
185.70000000000002	0.033313715836041834
185.8	0.033299301025864515
185.9	0.0332849008917356
186.	0.03327051545688088
186.10000000000002	0.033256143936833155
186.20000000000002	0.03324178509463511
186.3	0.033227435295184626
186.4	0.033213081015635436
186.5	0.03319865121892007
186.60000000000002	0.03318459268274596
186.70000000000002	0.03317027522019246
186.8	0.0331559830873453
186.9	0.03314164294248057
187.	0.033127497209517284
187.10000000000002	0.0331131180472046
187.20000000000002	0.03309926899878762
187.3	0.03308489036260511
187.4	0.03307061517966231
187.5	0.03305670198439592
187.60000000000002	0.03304249155295954
187.70000000000002	0.033028248946838784
187.8	0.033014266569804614
187.9	0.033000040047586304
188.	0.0329861334469648
188.10000000000002	0.03297198633639717
188.20000000000002	0.03295785599847736
188.3	0.03294401309820421
188.4	0.03292990565948568
188.5	0.03291579536239012
188.60000000000002	0.032902049617201175
188.70000000000002	0.032887971081928244
188.8	0.03287384180918552
188.9	0.03286026600661329
189.	0.032846087774449036
189.10000000000002	0.03283220697477271
189.20000000000002	0.03281824466031644
189.3	0.032804508257396225
189.4	0.03279045364899937
189.5	0.03277434632458902
189.60000000000002	0.032761724036040246
189.70000000000002	0.03274916616527732
189.8	0.032735214776074315
189.9	0.032721448840568275
190.	0.032707608729151495
190.10000000000002	0.03269397845211439
190.20000000000002	0.0326799684147025
190.3	0.032664374872136734
190.4	0.03265141898663159
190.5	0.03263925560192468
190.60000000000002	0.03262516790601337
190.70000000000002	0.032611831483187005
190.8	0.032597922949000595
190.9	0.032584329268260846
191.	0.03257056977275614
191.10000000000002	0.03255721261302728
191.20000000000002	0.03254341748271206
191.3	0.032529864583491525
191.4	0.03251619862651647
191.5	0.03250282265803097
191.60000000000002	0.03248903228708334
191.70000000000002	0.03247583869550398
191.8	0.032462054050439525
191.9	0.032448659356895934
192.	0.032434910952350494
192.10000000000002	0.03242195313017929
192.20000000000002	0.03240768140410295
192.3	0.03239375933878248
192.4	0.03238120944096965
192.5	0.03236793365954965
192.60000000000002	0.03235419012228201
192.70000000000002	0.032341493124777666
192.8	0.0323259087262205
192.9	0.03231290969240761
193.	0.032301329508760385
193.10000000000002	0.032286149097276014
193.20000000000002	0.03227471256940551
193.3	0.032259260879746426
193.4	0.032246254571661366
193.5	0.032234789408832044
193.60000000000002	0.03222105631401942
193.70000000000002	0.032207914005157046
193.8	0.032194411164252756
193.9	0.03217956428870731
194.	0.032166867480547146
194.10000000000002	0.03215307723816816
194.20000000000002	0.03214053029726441
194.3	0.03212887460724066
194.4	0.03211521997969398
194.5	0.032100555147103894
194.60000000000002	0.0320878074959867
194.70000000000002	0.032076391118421296
194.8	0.032061786392250345
194.9	0.03205000894982384
195.	0.03203662434842517
195.10000000000002	0.03202384999247492
195.20000000000002	0.032010490016450635
195.3	0.031997774087800177
195.4	0.03198442461276543
195.5	0.03197172070520684
195.60000000000002	0.031958400107311456
195.70000000000002	0.0319457451079028
195.8	0.031932435385942426
195.9	0.031919808700294136
196.	0.0319065203194537
196.10000000000002	0.03189393112993512
196.20000000000002	0.03188065699048744
196.3	0.03186811478300431
196.4	0.03185484047436777
196.5	0.031840213408484405
196.60000000000002	0.031828086068842014
196.70000000000002	0.031816609592223453
196.8	0.031803376401915
196.9	0.03178887058640823
197.	0.03177671189916659
197.10000000000002	0.03176533576926394
197.20000000000002	0.03175209676149425
197.3	0.031739855901572724
197.4	0.03172609343875209
197.5	0.031713569066522666
197.60000000000002	0.03170032763835496
197.70000000000002	0.031688515022422946
197.8	0.03167575375574518
197.9	0.03166314680899939
198.	0.03165024673762004
198.10000000000002	0.031635984891508984
198.20000000000002	0.03162388125262637
198.3	0.03161269913604169
198.4	0.031599525901306734
198.5	0.031585765747786355
198.60000000000002	0.03157302996021915
198.70000000000002	0.03156056852709636
198.8	0.031549766614184946
198.9	0.031535443348389584
199.	0.0315226495871059
199.10000000000002	0.03151035566989159
199.20000000000002	0.03149753506591929
199.3	0.03148532253795645
199.4	0.031474439509202985
199.5	0.031460841685656694
199.60000000000002	0.03144888086606544
199.70000000000002	0.03143513495079995
199.8	0.0314228043149061
199.9	0.03141020963314431
200.	0.03139793313743268