1.	0.9691376117291925
1.1	0.9661508602962936
1.2	0.9627909843802799
1.3	0.9597081589029617
1.4	0.9563024846019217
1.5	0.9534491332156245
1.6	0.9496173134467146
1.7000000000000002	0.9467767266408456
1.8	0.9427670043488415
1.9	0.9398708217021792
2.	0.9365580496669614
2.1	0.9333226230528634
2.2	0.9305944413603664
2.3	0.9270773162724483
2.4000000000000004	0.9235716532492553
2.5	0.9202974025314782
2.6	0.9170114317788421
2.7	0.9134482639547677
2.8	0.9099702083315159
2.9000000000000004	0.9067012241192917
3.	0.9034052753681815
3.1	0.9001067844682419
3.2	0.8968038242882449
3.3000000000000003	0.8934964738934116
3.4000000000000004	0.8901560236226231
3.5	0.8868157642092839
3.6	0.8834647480410223
3.7	0.8801175628335258
3.8000000000000003	0.8767525520613482
3.9000000000000004	0.8734005378512754
4.	0.8705299269902198
4.1	0.8667704458157821
4.2	0.8635439637522544
4.300000000000001	0.8600352236932001
4.4	0.8567520384807664
4.5	0.8532799150659697
4.6	0.8499418032665613
4.7	0.8465026669641801
4.800000000000001	0.843120039971835
4.9	0.8397007834922311
5.	0.8362916135203488
5.1000000000000005	0.8328755006714812
5.2	0.8294587616761657
5.3	0.8260455301453812
5.4	0.8226531135534476
5.5	0.819195220559473
5.6000000000000005	0.8157571299449115
5.7	0.8122855120585556
5.800000000000001	0.8088388912147317
5.9	0.8053522458671675
6.	0.8018986082272497
6.1000000000000005	0.7983951483282177
6.2	0.7949372505969347
6.300000000000001	0.7914126706524978
6.4	0.7879553412264185
6.5	0.7844020762922251
6.6000000000000005	0.7809563761995881
6.7	0.777355737323998
6.800000000000001	0.7739507461644658
6.9	0.7708520468036658
7.	0.7667580114376336
7.1000000000000005	0.7633753057892749
7.2	0.7601007782117193
7.300000000000001	0.7561183290252093
7.4	0.7527387625816564
7.5	0.7493880435789738
7.6000000000000005	0.74552058462525
7.7	0.7417070089694127
7.800000000000001	0.7386065860749784
7.9	0.7351373941551558
8.	0.7312283708136087
8.100000000000001	0.7272612083301921
8.2	0.7241979382017505
8.3	0.720410575961032
8.4	0.7164537858892943
8.5	0.7134616177525522
8.600000000000001	0.7096770971001012
8.7	0.7061245887329975
8.8	0.7022273554660471
8.9	0.698440762375092
9.	0.6951182249515622
9.1	0.6916270594536391
9.200000000000001	0.6880126942857346
9.3	0.684173399111264
9.4	0.680663112341489
9.5	0.6770014917519255
9.6	0.6733109074566815
9.700000000000001	0.669769501299965
9.8	0.6657159779998598
9.9	0.6623155935278459
10.	0.6585190055238893
10.1	0.6552717068877505
10.200000000000001	0.6510333817298755
10.3	0.6466937258776622
10.4	0.6425149875665862
10.5	0.6403936536885819
10.600000000000001	0.6355953513357734
10.700000000000001	0.6322512919768563
10.8	0.6278277230460735
10.9	0.6238225407626846
11.	0.620190359374579
11.100000000000001	0.6173339022908227
11.200000000000001	0.612636816677788
11.3	0.6099135643959382
11.4	0.6064678267958202
11.5	0.6018414592770547
11.600000000000001	0.8424243755772238
11.700000000000001	0.84334166166995
11.8	0.8440522982898608
11.9	0.8445994652628949
12.	0.8450138445183417
12.100000000000001	0.8453183923154239
12.200000000000001	0.8455304153718733
12.3	0.8456635491906405
12.4	0.8457286353220963
12.5	0.8457342208845825
12.600000000000001	0.845687562589811
12.700000000000001	0.845595004930025
12.8	0.8454610605413614
12.9	0.8452902638300541
13.	0.845086231941274
13.100000000000001	0.8448520083209573
13.200000000000001	0.8445903852087215
13.3	0.8443039032538003
13.4	0.8439946326482983
13.5	0.8436641382996104
13.600000000000001	0.8433143902222331
13.700000000000001	0.8429466272682223
13.8	0.8425622284485099
13.9	0.8421625785971489
14.	0.8417485575648576
14.100000000000001	0.8413209997241254
14.200000000000001	0.8408811979719851
14.3	0.8404294223627355
14.4	0.8399667859729991
14.5	0.8394938085098401
14.600000000000001	0.8390111414790398
14.700000000000001	0.8385192028826425
14.8	0.838018727988592
14.9	0.8375100737305711
15.	0.8369936873332515
15.100000000000001	0.8364699987861339
15.200000000000001	0.8359393517636052
15.3	0.8354021778584929
15.4	0.8348585395910932
15.5	0.834309034470039
15.600000000000001	0.8337538864365446
15.700000000000001	0.8331933520440948
15.8	0.8326275302019154
15.9	0.832056759483617
16.	0.8314813924567753
16.1	0.8309014284815835
16.200000000000003	0.8303171628778533
16.3	0.829728781713669
16.4	0.8291362736765194
16.5	0.8285401582920391
16.6	0.8279402901762671
16.700000000000003	0.8273369195851096
16.8	0.8267301602489578
16.9	0.826120043486133
17.	0.8255068604817999
17.1	0.8248907663900521
17.2	0.8242715175851016
17.3	0.8236496119845954
17.400000000000002	0.823025044864712
17.5	0.8223976853224716
17.6	0.8217678443073146
17.7	0.8211355797427848
17.8	0.8205008900038285
17.900000000000002	0.8198639186806752
18.	0.8192247411921387
18.1	0.818583498841286
18.2	0.8179399471793963
18.3	0.8172944330852592
18.400000000000002	0.8166469491412279
18.5	0.8159977184487347
18.6	0.8153464859885531
18.7	0.8146934112041543
18.8	0.8140386883586279
18.900000000000002	0.8133820889707345
19.	0.8127239579263718
19.1	0.8120641189605784
19.2	0.8114027366468772
19.3	0.8107398381462139
19.400000000000002	0.8100754883772843
19.5	0.8094095706210843
19.6	0.8087423066733608
19.7	0.8080735676268052
19.8	0.8074034548046157
19.900000000000002	0.8067320502649957
20.	0.806059376997269
20.1	0.8053853773568784
20.200000000000003	0.8047101938418907
20.3	0.804033783669536
20.400000000000002	0.8033561433648647
20.5	0.8026772559813177
20.6	0.8019973713398035
20.700000000000003	0.8013162622243104
20.8	0.8006340706685379
20.900000000000002	0.7999507108450077
21.	0.7992665238247088
21.1	0.7985810368608341
21.200000000000003	0.7978947004608609
21.3	0.7972073064312603
21.400000000000002	0.7965188865577261
21.5	0.7958294987414337
21.6	0.7951391090142811
21.700000000000003	0.7944479040973348
21.8	0.7937556823534153
21.900000000000002	0.7930625999289189
22.	0.7923684958445872
22.1	0.7916736026232618
22.200000000000003	0.7909779033583498
22.3	0.7902812346547595
22.400000000000002	0.7895837504648148
22.5	0.7888854244736323
22.6	0.7881863200309916
22.700000000000003	0.7874862849430814
22.8	0.7867855447312818
22.900000000000002	0.7860838202079101
23.	0.7853815583438087
23.1	0.784678409235801
23.200000000000003	0.7839744934172149
23.3	0.7832698125181521
23.400000000000002	0.7825644076714924
23.5	0.7818581060583396
23.6	0.7811512767571038
23.700000000000003	0.7804435773438296
23.8	0.77973517266644
23.900000000000002	0.7790260940988782
24.	0.778316221086356
24.1	0.7776056666261367
24.200000000000003	0.7768945366155933
24.3	0.7761824971423229
24.400000000000002	0.7754698614533587
24.5	0.7747566072612077
24.6	0.77404260307452
24.700000000000003	0.7733278928907571
24.8	0.7726125391170398
24.900000000000002	0.7718965326952985
25.	0.7711799375734699
25.1	0.7704623986865883
25.200000000000003	0.7697444668166977
25.3	0.7690258062009694
25.400000000000002	0.7683065072487351
25.5	0.7675865822458009
25.6	0.7668659849405318
25.700000000000003	0.7661446857855263
25.8	0.7654229070155697
25.900000000000002	0.7647002930946519
26.	0.7639772192838932
26.1	0.7632534951115727
26.200000000000003	0.7625289571024909
26.3	0.7618039807279577
26.400000000000002	0.761078358143205
26.5	0.760351944158152
26.6	0.7596251616150587
26.700000000000003	0.7588974776152054
26.8	0.7581694196614673
26.900000000000002	0.757440655075885
27.	0.7567112863162216
27.1	0.7559812596195349
27.200000000000003	0.7552506962818543
27.3	0.7545194442861867
27.400000000000002	0.7537875305449235
27.5	0.7530550985740799
27.6	0.752322006300468
27.700000000000003	0.7515884315641302
27.8	0.7508542234746532
27.900000000000002	0.7501191634576082
28.	0.7493836731335413
28.1	0.7486475136973304
28.200000000000003	0.747910742310301
28.3	0.7471735104235655
28.400000000000002	0.7464354695543141
28.5	0.7456969515481123
28.6	0.744957713097884
28.700000000000003	0.7442178466380966
28.8	0.7434775725426386
28.900000000000002	0.7427365409166038
29.	0.7419948098432131
29.1	0.7412525734919135
29.200000000000003	0.7405098401472754
29.3	0.7397662488389637
29.400000000000002	0.739022177391934
29.5	0.7382775247182727
29.6	0.7375320981403348
29.700000000000003	0.736786112364893
29.8	0.7360395076632954
29.900000000000002	0.7352923340362006
30.	0.7345445398639039
30.1	0.7337960288743111
30.200000000000003	0.7330469592791522
30.3	0.732297322534711
30.400000000000002	0.7315469365084497
30.5	0.7307960153041179
30.6	0.7300444323110097
30.700000000000003	0.7292922192881864
30.8	0.7285393168477097
30.900000000000002	0.7277857147739932
31.	0.727031706578944
31.1	0.7262768353938206
31.200000000000003	0.7255214404234015
31.3	0.7247654225036775
31.400000000000002	0.7240086179440948
31.5	0.7232513040830553
31.6	0.722493204486326
31.700000000000003	0.7217344945839957
31.8	0.7209752962655275
31.900000000000002	0.7202152835628153
32.	0.7194546099337505
32.1	0.7186932698870159
32.2	0.7179314388500856
32.3	0.7171685952336652
32.400000000000006	0.71640522365633
32.5	0.7156413522354798
32.6	0.7148767094990462
32.7	0.7141113295554401
32.8	0.7133453173278645
32.900000000000006	0.7125787159305169
33.	0.7118111448959324
33.1	0.7110430906038349
33.2	0.7102743051060975
33.300000000000004	0.7095047823953883
33.4	0.7087345968938815
33.5	0.7079638382510486
33.6	0.7071921963294636
33.7	0.7064198683611733
33.800000000000004	0.7056467935095901
33.9	0.7048730428644849
34.	0.7040986780803793
34.1	0.7033235561671645
34.2	0.7025476837802411
34.300000000000004	0.7017711174247784
34.4	0.700993780431967
34.5	0.7002155932934195
34.6	0.699436895017534
34.7	0.6986573123220854
34.800000000000004	0.6978769947832484
34.9	0.6970959049054019
35.	0.6963141362589862
35.1	0.6955316056361959
35.2	0.6947484085433203
35.300000000000004	0.6939642100862662
35.4	0.69317947885364
35.5	0.6923939561107617
35.6	0.6916074864576448
35.7	0.6908202779506358
35.800000000000004	0.6900322976609066
35.9	0.6892435591130558
36.	0.6884540386280872
36.1	0.6876636023835512
36.2	0.6868724531930397
36.300000000000004	0.6860806694343411
36.4	0.6852878683827875
36.5	0.6844943554273533
36.6	0.6836998994955789
36.7	0.682904750060688
36.800000000000004	0.6821087174923745
36.9	0.6813118389558341
37.	0.680514101258702
37.1	0.6797155541041452
37.2	0.6789161860505007
37.300000000000004	0.6781159249620474
37.4	0.677314901278239
37.5	0.6765130049159472
37.6	0.6757102455491684
37.7	0.6749063219819873
37.800000000000004	0.6741018605137911
37.9	0.6732965544002124
38.	0.6724901856051291
38.1	0.6716829977347536
38.2	0.6708749851265597
38.300000000000004	0.6700658175756636
38.4	0.6692560729833564
38.5	0.6684450744204332
38.6	0.6676333660897322
38.7	0.6668207332375656
38.800000000000004	0.6660070502002505
38.9	0.6651926854019568
39.	0.6643771828267848
39.1	0.6635607472489985
39.2	0.6627433260944635
39.300000000000004	0.6619250495249323
39.400000000000006	0.6611059212014742
39.5	0.6602855450741308
39.6	0.659464369549842
39.7	0.6586421500729633
39.800000000000004	0.6578190509067358
39.900000000000006	0.6569948095486062
40.	0.6561697203627448
40.1	0.6553434770686123
40.2	0.6545164887704088
40.300000000000004	0.6536880896451436
40.400000000000006	0.6528588226955666
40.5	0.6520286394494923
40.6	0.6511972675087868
40.7	0.6503650524023448
40.800000000000004	0.649531603965246
40.900000000000006	0.6486972840288032
41.	0.6478616150642583
41.1	0.6470249927442276
41.2	0.6461875129853403
41.300000000000004	0.6453487684934981
41.400000000000006	0.6445088118660414
41.5	0.6436679228450423
41.6	0.6428259041625233
41.7	0.641982727239978
41.800000000000004	0.6411385298101852
41.900000000000006	0.640293017034953
42.	0.6394465454384503
42.1	0.6385987373563211
42.2	0.6377499253341954
42.300000000000004	0.636899894247909
42.400000000000006	0.636048774119348
42.5	0.635196444610509
42.6	0.6343428977493661
42.7	0.6334881932038923
42.800000000000004	0.6326322094214047
42.900000000000006	0.631775139649202
43.	0.6309168372030524
43.1	0.6300573656109795
43.2	0.6291964130360265
43.300000000000004	0.6283344085646361
43.400000000000006	0.6274710445614438
43.5	0.6266065401525137
43.6	0.6257406679083253
43.7	0.624873618263918
43.800000000000004	0.6240051497174169
43.900000000000006	0.6231354963501019
44.	0.6222645298125912
44.1	0.6213921538487839
44.2	0.6205184991725269
44.300000000000004	0.6196435584334514
44.400000000000006	0.6187672316824914
44.5	0.6178895948333453
44.6	0.6170105066452923
44.7	0.6161300270210822
44.800000000000004	0.6152483058941524
44.900000000000006	0.6143651277091061
45.	0.6134804316465201
45.1	0.6125944567290678
45.2	0.6117070703835359
45.300000000000004	0.6108181334281453
45.400000000000006	0.6099279292025022
45.5	0.6090359664284717
45.6	0.6081426880880519
45.7	0.6072480669926051
45.800000000000004	0.6063518413217015
45.900000000000006	0.605454140333862
46.	0.6045546733996011
46.1	0.6036539744903582
46.2	0.6027517261810198
46.300000000000004	0.6018478719163733
46.400000000000006	0.6009424033845279
46.5	0.6000353125029056
46.6	0.5991267956313501
46.7	0.5982165168264438
46.800000000000004	0.5973047175950773
46.900000000000006	0.5963913259315279
47.	0.5954762126123019
47.1	0.5945594945770885
47.2	0.5936409691633405
47.300000000000004	0.5927209325302212
47.400000000000006	0.5917991990707651
47.5	0.5908755218846746
47.6	0.5899502381122221
47.7	0.5890234810956948
47.800000000000004	0.5880948699679995
47.900000000000006	0.5871641865540987
48.	0.5862319437384022
48.1	0.585297779789979
48.2	0.584361920960279
48.300000000000004	0.583424301731803
48.400000000000006	0.5824845912889334
48.5	0.5815431009483658
48.6	0.5805998751082484
48.7	0.5796547312060867
48.800000000000004	0.5787076843248501
48.900000000000006	0.5777584879207681
49.	0.5768075784385241
49.1	0.5758546885471999
49.2	0.5748998385649192
49.300000000000004	0.5739427831477073
49.400000000000006	0.5729839520856231
49.5	0.5720228486570421
49.6	0.571060096595739
49.7	0.5700949517384477
49.800000000000004	0.5691277903262567
49.900000000000006	0.5681584487878409
50.	0.5671872670483241
50.1	0.5662136511357139
50.2	0.565237897682653
50.300000000000004	0.5642599808192458
50.400000000000006	0.5632797249950372
50.5	0.5622975249155432
50.6	0.5613127949763691
50.7	0.5603260949123343
50.800000000000004	0.5593369474085496
50.900000000000006	0.5583455687652097
51.	0.5573515849628756
51.1	0.5563554490813346
51.2	0.5553567603126787
51.300000000000004	0.5543559810783298
51.400000000000006	0.5533523918681611
51.5	0.5523467777741744
51.6	0.551338206318799
51.7	0.5503272670336675
51.800000000000004	0.5493142552749904
51.900000000000006	0.5482982007705101
52.	0.5472795585492811
52.1	0.546258514576101
52.2	0.5452345719143332
52.300000000000004	0.5442082704778805
52.400000000000006	0.5431789762780826
52.5	0.5421473013461131
52.6	0.5411126381858214
52.7	0.540075202520461
52.800000000000004	0.539034892651104
52.900000000000006	0.5379918590807587
53.	0.5369458749974145
53.1	0.535897128109858
53.2	0.5348454276846836
53.300000000000004	0.5337906128962947
53.400000000000006	0.532732814435919
53.5	0.5316719785953712
53.6	0.5306080937767926
53.7	0.5295410616051003
53.800000000000004	0.5284709814495069
53.900000000000006	0.5273975606742944
54.	0.5263209995638866
54.1	0.5252411868128014
54.2	0.5241580980865964
54.300000000000004	0.5230717462214228
54.400000000000006	0.5219818811756757
54.5	0.5208886523021936
54.6	0.5197918900278659
54.7	0.518691719091341
54.800000000000004	0.5175880121001593
54.900000000000006	0.5164806788255508
55.	0.515369678414751
55.1	0.5142548604103718
55.2	0.5131365849125347
55.300000000000004	0.512014455728488
55.400000000000006	0.5108886081161891
55.5	0.5097586260841764
55.6	0.5086249588593272
55.7	0.5074870465969974
55.800000000000004	0.5063452844930869
55.900000000000006	0.5051994447158885
56.	0.5040493745243155
56.1	0.5028950888458532
56.2	0.5017366830543297
56.300000000000004	0.5005737930827111
56.400000000000006	0.4994067826425888
56.5	0.4982351297618462
56.6	0.4970588896179661
56.7	0.4958783058982633
56.800000000000004	0.4946929720188742
56.900000000000006	0.49350275608080946
57.	0.4923080741599625
57.1	0.49110837265491536
57.2	0.48990390477961965
57.300000000000004	0.4886944759821049
57.400000000000006	0.48747965387372144
57.5	0.4862598243564285
57.6	0.4850348769548063
57.7	0.4838045305085404
57.800000000000004	0.48256883975646014
57.900000000000006	0.4813276179152657
58.	0.4800810031759034
58.1	0.47882851172443225
58.2	0.47757037514989537
58.300000000000004	0.47630643008127754
58.400000000000006	0.4750361631299351
58.5	0.4737600300118691
58.6	0.4724778705995188
58.7	0.47118941376052664
58.800000000000004	0.46989460706742564
58.900000000000006	0.4685932715692254
59.	0.46728526238945184
59.1	0.46597040921100186
59.2	0.46464908144574685
59.300000000000004	0.4633202092294945
59.400000000000006	0.46198455804909794
59.5	0.46064157920727744
59.6	0.45929124369093965
59.7	0.4579333438496687
59.800000000000004	0.4565676253286596
59.900000000000006	0.45519428938161993
60.	0.45381284494151697
60.1	0.452423201681556
60.2	0.45102508186542123
60.300000000000004	0.4496185419064653
60.400000000000006	0.44820321124087764
60.5	0.44677911629806594
60.6	0.44534563538410193
60.7	0.4439032515041623
60.800000000000004	0.44245098859341997
60.900000000000006	0.4409891070425979
61.	0.4395172996078185
61.1	0.43803515780544633
61.2	0.4365427347260946
61.300000000000004	0.43503943571177406
61.400000000000006	0.43352548346795755
61.5	0.43199988081185625
61.6	0.430462884800974
61.7	0.42891405717504305
61.800000000000004	0.4273528776400044
61.900000000000006	0.42577945460761246
62.	0.42419316747407143
62.1	0.4225935237517043
62.2	0.42098041435669525
62.300000000000004	0.41935309122314857
62.400000000000006	0.4177114198251285
62.5	0.41605511639420706
62.6	0.414383515349097
62.7	0.41269593174932595
62.800000000000004	0.4109921816739975
62.900000000000006	0.4092715767523109
63.	0.4075334468441495
63.1	0.4057776125595645
63.2	0.40400287944994095
63.300000000000004	0.4022090506863044
63.400000000000006	0.4003951076211337
63.5	0.39856041257492597
63.6	0.39670424907681007
63.7	0.39482530806616517
63.800000000000004	0.3929235064760715
63.900000000000006	0.39099729538782474
64.	0.3890455311169651
64.1	0.38706753196148463
64.2	0.385061624817587
64.30000000000001	0.3830270199808333
64.4	0.3809618838253284
64.5	0.3788649222733964
64.6	0.37673432505184384
64.7	0.3745682946445151
64.80000000000001	0.37236531096180336
64.9	0.37012249899022215
65.	0.3678382249464171
65.10000000000001	0.365509513874703
65.2	0.36313342493779466
65.3	0.3607071676962513
65.4	0.35822649221672787
65.5	0.35568817371906014
65.60000000000001	0.35308731293442763
65.7	0.3504188610748706
65.8	0.34767670585964644
65.9	0.3448544902885517
66.	0.34194415019400476
66.10000000000001	0.3389363837433319
66.2	0.33582040445858585
66.3	0.3325829725101683
66.4	0.32920784097375705
66.5	0.32567575470304483
66.60000000000001	0.3219615961144722
66.7	0.3180320937160684
66.8	0.31384404936352756
66.9	0.3093373444822887
67.	0.3044232312768467
67.10000000000001	0.29896357007166247
67.2	0.29271770403246
67.3	0.28519142896459065
67.4	0.2749398230817742
67.5	0.03780706188593873
67.60000000000001	0.037763629172727006
67.7	0.03770581892899853
67.8	0.037647782398436684
67.9	0.03759086320838695
68.	0.03753515065398122
68.10000000000001	0.03747984309142767
68.2	0.03742575477680107
68.3	0.037370873009439615
68.4	0.03731536902128492
68.5	0.03725974798240352
68.60000000000001	0.0372069654795414
68.7	0.037151528388656506
68.8	0.03709849448704043
68.9	0.0370448351119895
69.	0.03699122216184945
69.10000000000001	0.03693633357917683
69.2	0.036883135661412776
69.3	0.0368301131146689
69.4	0.03677727866971643
69.5	0.036724630285564
69.60000000000001	0.036672167293128305
69.7	0.03661988702000527
69.8	0.0365677904967063
69.9	0.03651587644516489
70.	0.03646414121122879
70.10000000000001	0.03641258564475494
70.2	0.036361211495979005
70.3	0.03631385624014796
70.4	0.03626271335094183
70.5	0.03620811991300867
70.60000000000001	0.03615747234242466
70.7	0.03611054861861856
70.8	0.03606011837924407
70.9	0.03600990518840808
71.	0.035959864525165364
71.10000000000001	0.035909994301185966
71.2	0.03586675324310148
71.3	0.03581069695364301
71.4	0.03576140416132696
71.5	0.035718360009773784
71.60000000000001	0.03566311901932089
71.7	0.035614318685951114
71.8	0.035571488813760675
71.9	0.0355227532909857
72.	0.03547429969308362
72.10000000000001	0.035420449880210994
72.2	0.03537797709914456
72.3	0.03532990920146436
72.4	0.035282104272635416
72.5	0.03523445687206083
72.60000000000001	0.03518696936250359
72.7	0.03513964023187055
72.8	0.03509246719845441
72.9	0.03504545118179907
73.	0.03499858993769701
73.10000000000001	0.0349518827625774
73.2	0.03490533084344469
73.3	0.03485893022692649
73.4	0.034812681829909466
73.5	0.03476658475844767
73.60000000000001	0.034720637995558724
73.7	0.03467484007284242
73.8	0.03462919107393739
73.9	0.03458369016111293
74.	0.03453833580662296
74.10000000000001	0.03449312791570389
74.2	0.034448065589906034
74.3	0.034403146978384994
74.4	0.03435837300590299
74.5	0.03431374198213601
74.60000000000001	0.0342692535649901
74.7	0.03422490684230781
74.8	0.03418070069883142
74.9	0.034136634182780484
75.	0.03409270789121207
75.10000000000001	0.03404891992088796
75.2	0.03400525142014038
75.3	0.03396169178491979
75.4	0.0339182721649984
75.5	0.03387499109152686
75.60000000000001	0.03383184723879801
75.7	0.0337888394445334
75.8	0.033745966774658805
75.9	0.033703230364367905
76.	0.033660627459566494
76.10000000000001	0.03361815822246527
76.2	0.03357582208367692
76.3	0.03353361650273171
76.4	0.03349154287089723
76.5	0.03344960030237767
76.60000000000001	0.033407786526380864
76.7	0.03336610304188764
76.8	0.03332454747897986
76.9	0.03328311981624867
77.	0.03324181868856893
77.10000000000001	0.033200644157754734
77.2	0.0331595949453368
77.3	0.03311867065006533
77.4	0.03307787136496965
77.5	0.03303719946149478
77.60000000000001	0.032996650421807584
77.7	0.0329562239673614
77.80000000000001	0.032915919951092644
77.9	0.032875736641277895
78.	0.03283567393596606
78.10000000000001	0.03279573162728071
78.2	0.03275504454435386
78.30000000000001	0.03271537361590138
78.4	0.03267581509836763
78.5	0.03263637014576947
78.60000000000001	0.03259704047787846
78.7	0.03255782500758876
78.80000000000001	0.03251872435842562
78.9	0.03247973816100093
79.	0.032440865948783204
79.10000000000001	0.032402107462299205
79.2	0.03236346262665227
79.30000000000001	0.032324771901783414
79.4	0.032286205313635186
79.5	0.03224778712573977
79.60000000000001	0.032209233718323134
79.7	0.03217326539311698
79.80000000000001	0.03213504663802189
79.9	0.03209827767989416
80.	0.03206003289280087
80.10000000000001	0.03202180948731736
80.2	0.03198422147700235
80.30000000000001	0.031946924222939814
80.4	0.031908133481466504
80.5	0.03187113701505976
80.60000000000001	0.03183406878002613
80.7	0.031797056986887735
80.80000000000001	0.031760145033235807
80.9	0.03172333821491336
81.	0.03168792373875975
81.10000000000001	0.031651934772900486
81.2	0.031612917696162354
81.30000000000001	0.03157654818732233
81.4	0.03154031664687674
81.5	0.03150600761888095
81.60000000000001	0.03146972466385291
81.7	0.031434315676809
81.80000000000001	0.03139993826621846
81.9	0.03136445295528625
82.	0.031328818221237356
82.10000000000001	0.031293292710408614
82.2	0.03125788162788124
82.30000000000001	0.031222572854149894
82.4	0.031187371339737858
82.5	0.031152274942596644
82.60000000000001	0.031117283329131218
82.7	0.031082399335563966
82.80000000000001	0.031047499173226356
82.9	0.03101266929416005
83.	0.030977936467626022
83.10000000000001	0.03094329846223728
83.2	0.030908755844075292
83.30000000000001	0.03087430848407558
83.4	0.03083995472340179
83.5	0.030805694765205744
83.60000000000001	0.030771528351436064
83.7	0.03073745503838854
83.80000000000001	0.030703473967230943
83.9	0.030669586024777363
84.	0.03063578941980765
84.10000000000001	0.030602084479289988
84.2	0.03056847138630931
84.30000000000001	0.03053494990241524
84.4	0.03050151843958136
84.5	0.030468176356193685
84.60000000000001	0.03043492449508302
84.7	0.03040176124719002
84.80000000000001	0.030368686564239678
84.9	0.03033570069055499
85.	0.030302802452880934
85.10000000000001	0.030269992080753223
85.2	0.030237268586700703
85.30000000000001	0.030204632236664437
85.4	0.030172082414922325
85.5	0.030139618760747916
85.60000000000001	0.03010724067321457
85.7	0.03007494805821332
85.80000000000001	0.03004274052073242
85.9	0.03001061779160334
86.	0.029978579880922816
86.10000000000001	0.029946625213486174
86.2	0.029914754472569204
86.30000000000001	0.029882967302313452
86.4	0.029851262562206073
86.5	0.029819641871777013
86.60000000000001	0.029788103593176556
86.7	0.029756647339252297
86.80000000000001	0.02972527237867308
86.9	0.029693978942193666
87.	0.029662766152255913
87.10000000000001	0.029631633811564164
87.2	0.029600582543038437
87.30000000000001	0.029569610407254986
87.4	0.029538717847546893
87.5	0.029507905266636155
87.60000000000001	0.029477171437686023
87.7	0.02944651578549014
87.80000000000001	0.029415938548891227
87.9	0.02938543984584763
88.	0.029355017947457783
88.10000000000001	0.029324674278218364
88.2	0.029294407320704187
88.30000000000001	0.02926421747044498
88.4	0.029234103722553213
88.5	0.0292040663492503
88.60000000000001	0.029174104783684856
88.7	0.029144218987154406
88.80000000000001	0.02911440773910814
88.9	0.029084672020320522
89.	0.0290550110868412
89.10000000000001	0.029025424392084418
89.2	0.028995911733616035
89.30000000000001	0.028966472773537602
89.4	0.02893710775128856
89.5	0.028907815273375884
89.60000000000001	0.02887859610459382
89.7	0.028849449512071017
89.80000000000001	0.028820375248674916
89.9	0.028791373251661447
90.	0.02876244261784754
90.10000000000001	0.02873358402181155
90.2	0.028704796234985553
90.30000000000001	0.028676079871395647
90.4	0.02864743353343069
90.5	0.028618858006333365
90.60000000000001	0.028590352768339752
90.7	0.028561916961489478
90.80000000000001	0.02853355124788056
90.9	0.028505254626872607
91.	0.0284770268508176
91.10000000000001	0.02844886819821156
91.2	0.028420777725070435
91.30000000000001	0.028392755934957666
91.4	0.028364801881371075
91.5	0.028336915571036018
91.60000000000001	0.028309096899480916
91.7	0.02828134522211012
91.80000000000001	0.028253661144677606
91.9	0.028226042761678637
92.	0.02819849147707218
92.10000000000001	0.028171006486724867
92.2	0.028143587085263842
92.30000000000001	0.02811623398854889
92.4	0.028088946050606224
92.5	0.028061723468570804
92.60000000000001	0.028034565482706532
92.7	0.028007472442820334
92.80000000000001	0.027980444006062172
92.9	0.027953479872022534
93.	0.02792657944341609
93.10000000000001	0.02789974295113637
93.2	0.027872970136839318
93.30000000000001	0.02784626036358266
93.4	0.027819613880685604
93.5	0.027793029662861072
93.60000000000001	0.02776650864733481
93.7	0.02774004991056636
93.80000000000001	0.027713653088139507
93.9	0.027687318168146905
94.	0.02766104513537825
94.10000000000001	0.027634833433957538
94.2	0.027608682834007338
94.30000000000001	0.027582593582283172
94.4	0.027556564706500947
94.5	0.02753059656871261
94.60000000000001	0.027504688676036473
94.7	0.027478841097912366
94.80000000000001	0.027453053196199957
94.9	0.027427325125398156
95.	0.02740165628047887
95.10000000000001	0.027376046471167734
95.2	0.027350496096054576
95.30000000000001	0.027325004299171993
95.4	0.027299571266918985
95.5	0.02727419663681237
95.60000000000001	0.027248880262758367
95.7	0.027223621404304527
95.80000000000001	0.027198420459284438
95.9	0.027173277378339303
96.	0.027148191412845975
96.10000000000001	0.027123162314617807
96.2	0.027098190335841918
96.30000000000001	0.027073275413827494
96.4	0.02704841644279886
96.5	0.027023614199347318
96.60000000000001	0.02699886782964409
96.7	0.026974177470759562
96.80000000000001	0.026949542925821492
96.9	0.02692496340419177
97.	0.02690043980037846
97.10000000000001	0.026875971283023912
97.2	0.026851557406821748
97.30000000000001	0.026827198444190778
97.4	0.02680289396233817
97.5	0.026778643567755493
97.60000000000001	0.026754447577132842
97.7	0.026730305724231077
97.80000000000001	0.02670621740693528
97.9	0.026682182703341523
98.	0.026658201538214486
98.10000000000001	0.026634273627905377
98.2	0.026610398437836122
98.30000000000001	0.02658657606833303
98.4	0.026562806986189538
98.5	0.026539089609939767
98.60000000000001	0.02651542468454011
98.7	0.026491812087768744
98.80000000000001	0.026468251692521802
98.9	0.026444742605529186
99.	0.026421285032407517
99.10000000000001	0.026397879151296284
99.2	0.0263745242663328
99.30000000000001	0.026351220693677187
99.4	0.026327967619965913
99.5	0.02630476544936855
99.60000000000001	0.02628161382459808
99.7	0.02625851258789699
99.80000000000001	0.02623546136012809
99.9	0.02621246004170605
100.	0.026189508758308343
100.10000000000001	0.026166607293721576
100.2	0.026143754781628184
100.30000000000001	0.026120951914204167
100.4	0.026098198069986235
100.5	0.026075493499008374
100.60000000000001	0.026052837519857243
100.7	0.02603023009417775
100.80000000000001	0.026007671537556235
100.9	0.025985160813102638
101.	0.02596269868153281
101.10000000000001	0.025940284291797542
101.2	0.025917917890489698
101.30000000000001	0.025895599060827817
101.4	0.025873327717704116
101.5	0.025851103757069154
101.60000000000001	0.02582892707136573
101.7	0.025806797488502533
101.80000000000001	0.02578471448454723
101.9	0.025762678589894377
102.	0.025740689049757046
102.10000000000001	0.025718746062568347
102.2	0.025696848946846675
102.30000000000001	0.025674998235597244
102.4	0.02565319367835045
102.5	0.02563143453343463
102.60000000000001	0.025609721484797173
102.7	0.025588053476509512
102.80000000000001	0.02556643106622186
102.9	0.025544854111204496
103.	0.025523321510739744
103.10000000000001	0.02550183436139005
103.2	0.025480391860457578
103.30000000000001	0.02545899378311008
103.4	0.025437640359534226
103.5	0.025416331199775998
103.60000000000001	0.025395066290069
103.7	0.02537384535545033
103.80000000000001	0.02535266813380256
103.9	0.025331535114717356
104.	0.025310445292602846
104.10000000000001	0.025289398936879044
104.2	0.025268395868999052
104.30000000000001	0.025247436268391474
104.4	0.025226519326616723
104.5	0.025205645640739786
104.60000000000001	0.025184814500415664
104.7	0.025164026071914678
104.80000000000001	0.025143279876907527
104.9	0.025122576354550764
105.	0.025101915065911654
105.10000000000001	0.02508129558491086
105.2	0.02506071824857369
105.30000000000001	0.025040182716875064
105.4	0.02501968772786874
105.5	0.024999230106789113
105.60000000000001	0.024978813837407316
105.7	0.024958439268527404
105.80000000000001	0.024938105680620947
105.9	0.02491781330590415
106.	0.02489756185348247
106.10000000000001	0.024877351341106073
106.2	0.024857181742115448
106.30000000000001	0.024837052334983446
106.4	0.024816963578492075
106.5	0.024796914932094887
106.60000000000001	0.024776906719794187
106.7	0.02475693857564547
106.80000000000001	0.0247370102910871
106.9	0.02471712169663454
107.	0.024697273129536124
107.10000000000001	0.02467746384146995
107.2	0.024657694085090637
107.30000000000001	0.02463796379000543
107.4	0.024618272149013586
107.5	0.024598619973511673
107.60000000000001	0.02457900676986804
107.7	0.024559432324151698
107.80000000000001	0.024539896614628725
107.9	0.024520399255066373
108.	0.024500940640192755
108.10000000000001	0.024481520126001487
108.2	0.02446213788107237
108.30000000000001	0.024442793614920258
108.4	0.024423487589289312
108.5	0.024404219265154792
108.60000000000001	0.024384988863585498
108.7	0.024365795940164116
108.80000000000001	0.024346640373064693
108.9	0.024327522447423876
109.	0.024308441579449305
109.10000000000001	0.02428939795998347
109.2	0.02427039130325929
109.30000000000001	0.024251421724032055
109.4	0.02423248871513885
109.5	0.024213592616342875
109.60000000000001	0.024194732811742673
109.7	0.02417590982813629
109.80000000000001	0.024157123019651408
109.9	0.024138372564055866
110.	0.02411965818068535
110.10000000000001	0.024100979628366055
110.2	0.02408233714454044
110.30000000000001	0.02406373092956936
110.4	0.02404516054528089
110.5	0.024026625654614133
110.60000000000001	0.024008126199614573
110.7	0.023989662390374727
110.80000000000001	0.023971233578174506
110.9	0.023952839974726216
111.	0.023934481472340674
111.10000000000001	0.02391615792038513
111.2	0.023897869075423392
111.30000000000001	0.023879615177768092
111.4	0.023861395972879583
111.5	0.023843211064459836
111.60000000000001	0.023825060793614853
111.7	0.02380694455072348
111.80000000000001	0.023788862844206272
111.9	0.023770814959459895
112.	0.023752801554211077
112.10000000000001	0.023734821711281814
112.2	0.023716875785740995
112.30000000000001	0.02369896350813793
112.4	0.023681084859711345
112.5	0.023663239862912005
112.60000000000001	0.023645428115529575
112.7	0.023627649759970497
112.80000000000001	0.023609904693833103
112.9	0.023592192728109168
113.	0.023574513751423335
113.10000000000001	0.02355686766925437
113.2	0.02353924645527423
113.30000000000001	0.02352164520334271
113.4	0.023504078014854126
113.5	0.023486544480794642
113.60000000000001	0.023469044729112872
113.7	0.023451578282027926
113.80000000000001	0.023434144948686494
113.9	0.023416746488170503
114.	0.02339938196698026
114.10000000000001	0.023382050313227057
114.2	0.02336475153643027
114.30000000000001	0.02334810932238055
114.4	0.02333087664936438
114.5	0.02331366760630098
114.60000000000001	0.0232964909636391
114.7	0.02327934693626432
114.80000000000001	0.02326223498890071
114.9	0.023245155273769212
115.	0.02322810739784561
115.10000000000001	0.023210303976695143
115.2	0.02319410062187214
115.30000000000001	0.023177154728653577
115.4	0.023160233768312066
115.5	0.02314257807129328
115.60000000000001	0.023126481109153097
115.7	0.023109658874698784
115.80000000000001	0.02309286325025273
115.9	0.02307535700434721
116.	0.023059364100889188
116.10000000000001	0.02304266423061166
116.2	0.023025994369302503
116.30000000000001	0.023009355831612222
116.4	0.0229927494508225
116.5	0.02297617504395989
116.60000000000001	0.022959633476227398
116.7	0.022943124838971096
116.80000000000001	0.022926650221693406
116.9	0.022910210412327967
117.	0.02289380609313557
117.10000000000001	0.022877438970813364
117.2	0.022861109952447917
117.30000000000001	0.022844821119130637
117.4	0.022828551005938273
117.5	0.02281225920419718
117.60000000000001	0.02279599565788205
117.7	0.02277976125405909
117.80000000000001	0.02276355557806293
117.9	0.02274737829367394
118.	0.02273122962999126
118.10000000000001	0.022715109029981775
118.2	0.02269901662220571
118.30000000000001	0.02268295193007262
118.4	0.02266691451981666
118.5	0.02265090627441673
118.60000000000001	0.022634929251928317
118.7	0.022618980371577842
118.80000000000001	0.022603059632864828
118.9	0.022587014228386857
119.	0.022571045294258768
119.10000000000001	0.02255516433797077
119.2	0.022539336532372983
119.30000000000001	0.022523546873835103
119.4	0.022507789522854198
119.5	0.02249206210413805
119.60000000000001	0.0224757620977875
119.7	0.022460690564602585
119.80000000000001	0.02244504904625615
119.9	0.022429439355494987
120.	0.02241385518865692
120.10000000000001	0.02239829600157742
120.2	0.022382763636431914
120.30000000000001	0.02236725818986108
120.4	0.022351780240539715
120.5	0.0223363300791022
120.60000000000001	0.02232090795151046
120.7	0.022305513569293174
120.80000000000001	0.02229014803034866
120.9	0.0222748112580964
121.	0.022259503892385575
121.10000000000001	0.022244226465978505
121.2	0.02222898006900514
121.30000000000001	0.022213105881344026
121.4	0.022197932530966295
121.5	0.022182771235302882
121.60000000000001	0.02216761718483326
121.7	0.022153200684808187
121.80000000000001	0.022137366160189586
121.9	0.022122994420725805
122.	0.02210793323757054
122.10000000000001	0.022092179605122445
122.2	0.022077166923985068
122.30000000000001	0.022062888898578662
122.4	0.02204792963065101
122.5	0.02203228751591371
122.60000000000001	0.022018076727736893
122.7	0.02200249298944112
122.80000000000001	0.021988330386718675
122.9	0.021972800148416998
123.	0.02195799010013489
123.10000000000001	0.02194320576648993
123.2	0.021929136150746566
123.30000000000001	0.02191371264305405
123.4	0.021899001379737253
123.5	0.021884315755147286
123.60000000000001	0.021870336905517877
123.7	0.021855019425488693
123.80000000000001	0.021840405984394486
123.9	0.021826494263675725
124.	0.02181193154664545
124.10000000000001	0.021797390079378427
124.2	0.02178287289179339
124.30000000000001	0.021767710334010912
124.4	0.021753907998937384
124.5	0.021738800087833084
124.60000000000001	0.021724379427162776
124.7	0.021709984111177753
124.80000000000001	0.021695612610720498
124.9	0.0216812647373211
125.	0.021667594960420054
125.10000000000001	0.021653295132829816
125.2	0.021639016146026153
125.30000000000001	0.021624760536618017
125.4	0.021609880478828832
125.5	0.021596316976361496
125.60000000000001	0.0215820344144842
125.7	0.021567872466885178
125.80000000000001	0.021553734376259653
125.9	0.021539619395711366
126.	0.021525527443027128
126.10000000000001	0.021511458717939864
126.2	0.021497412665238528
126.30000000000001	0.021483389576557575
126.4	0.021469389166642608
126.5	0.021455411821799962
126.60000000000001	0.0214414570189336
126.7	0.021427524895744753
126.80000000000001	0.021413615335282948
126.9	0.02139972833910922
127.	0.02138586384498611
127.10000000000001	0.021372021601710447
127.2	0.021358201741573633
127.30000000000001	0.021344404310497847
127.4	0.021330629062268677
127.5	0.021316876052882162
127.60000000000001	0.02130314517818705
127.7	0.02128943624778423
127.80000000000001	0.02127574944617964
127.9	0.021262084575177607
128.	0.021248441556277704
128.10000000000002	0.02123482040664872
128.2	0.02122122108695439
128.3	0.02120764366275136
128.4	0.021194087759536965
128.5	0.021180553331172573
128.60000000000002	0.021167040756594032
128.7	0.021153549630843527
128.8	0.021140079905241214
128.9	0.021126631721821096
129.	0.021113204718071016
129.1	0.02109979908254787
129.20000000000002	0.021086414826865654
129.3	0.02107305175781708
129.4	0.021059709652701434
129.5	0.021046388634936943
129.6	0.0210330889448216
129.70000000000002	0.02101980996177089
129.8	0.02100655218256194
129.9	0.020993315000061456
130.	0.0209800988870221
130.1	0.02096690338395963
130.20000000000002	0.02095372873711442
130.3	0.02094057482474058
130.4	0.020927441302709373
130.5	0.020914328491837057
130.6	0.0209012360606056
130.70000000000002	0.02088816420273717
130.8	0.0208751128048773
130.9	0.020862081881329046
131.	0.02084907106435813
131.1	0.020836080727971062
131.20000000000002	0.0208231105007645
131.3	0.02081015260011113
131.4	0.020797214121944733
131.5	0.020784295972169086
131.6	0.020771398448981602
131.70000000000002	0.020758520966932772
131.8	0.020745663852826134
131.9	0.020732826685426003
132.	0.020720009745771914
132.1	0.020707212788407446
132.20000000000002	0.020694435675361035
132.3	0.02068167852879294
132.4	0.020668941090467123
132.5	0.020656223508998206
132.6	0.020643526006886438
132.70000000000002	0.02063084882757376
132.8	0.020618191346925493
132.9	0.02060555340318139
133.	0.020592935060606395
133.1	0.02058033620921829
133.20000000000002	0.020567756847852257
133.3	0.020555196608921484
133.4	0.020542655789193422
133.5	0.02053011267791349
133.6	0.020517564985505735
133.70000000000002	0.020505043914979256
133.8	0.020492555281727682
133.9	0.020480095218673177
134.	0.020467659454251424
134.1	0.02045524595803896
134.20000000000002	0.020442853502182657
134.3	0.020430481344436768
134.4	0.020418129144380008
134.5	0.020405796427326733
134.6	0.02039348290796908
134.70000000000002	0.02038118841139304
134.8	0.02036891287886428
134.9	0.020356656058598637
135.	0.020344417924192938
135.1	0.02033219834286556
135.20000000000002	0.020319997372842222
135.3	0.020307814810130963
135.4	0.02029565066255062
135.5	0.020283504827586396
135.6	0.020271377297152237
135.70000000000002	0.02025926795521253
135.8	0.020247176796698383
135.9	0.02023510569247288
136.	0.020223052045821754
136.1	0.020211016041436134
136.20000000000002	0.020198997697799474
136.3	0.02018699722832868
136.4	0.020175014214886284
136.5	0.020163049402088355
136.6	0.020151102179796973
136.70000000000002	0.020139172723075405
136.8	0.02012726091707085
136.9	0.02011536706612319
137.	0.020103490806417157
137.1	0.020091632180095215
137.20000000000002	0.02007979116344407
137.3	0.020067967916588655
137.4	0.020056162033730115
137.5	0.020044373904639763
137.6	0.020032603107624756
137.70000000000002	0.020020849854268503
137.8	0.020009114078582885
137.9	0.01999798335784734
138.	0.019985790387936322
138.1	0.01997400961650386
138.20000000000002	0.019962345738299962
138.3	0.019950696977169766
138.4	0.01993906579356104
138.5	0.019927452049364625
138.6	0.01991645556948296
138.70000000000002	0.019904568735155035
138.8	0.019892700720418703
138.9	0.019881171137447414
139.	0.019869643167647014
139.1	0.019858755866379075
139.20000000000002	0.01984674882824316
139.3	0.019835781549745482
139.4	0.01982377378075409
139.5	0.019812905097456993
139.6	0.01980081968360517
139.70000000000002	0.01979012064986843
139.8	0.019777922106537445
139.9	0.019767345827587032
140.	0.019755159426307175
140.1	0.01974462245699992
140.20000000000002	0.0197324739798807
140.3	0.01972129289447477
140.4	0.019709991634507464
140.5	0.01969937501347131
140.6	0.019687296261185337
140.70000000000002	0.019676844296551844
140.8	0.019664807550854622
140.9	0.01965438082473514
141.	0.019642483034680476
141.1	0.01963132418438382
141.20000000000002	0.019620808597689898
141.3	0.01960896208945759
141.4	0.019598503749713638
141.5	0.019586695589962313
141.6	0.019575612549696992
141.70000000000002	0.019565166820895468
141.8	0.01955341381786923
141.9	0.01954301882784299
142.	0.019531305520560042
142.1	0.01952093439126447
142.20000000000002	0.019509259715790303
142.3	0.019498915486625416
142.4	0.01948727487949823
142.5	0.019476958807961228
142.6	0.019465351996090844
142.70000000000002	0.01945506399455905
142.8	0.01944349095238179
142.9	0.019433161182625093
143.	0.019421658911228476
143.1	0.019410742279503356
143.20000000000002	0.019399862871193226
143.3	0.01938900737876984
143.4	0.019378170899439776
143.5	0.019367351302459607
143.6	0.019356548037068086
143.70000000000002	0.01934576034933241
143.8	0.019334987635358385
143.9	0.019324227819315472
144.	0.0193134870241054
144.1	0.019302761530900357
144.20000000000002	0.0192920520581481
144.3	0.01928135951823439
144.4	0.01927068682118442
144.5	0.019260038857678675
144.6	0.01924942244393666
144.70000000000002	0.019238830410755685
144.8	0.01922822895913438
144.9	0.01921762204954991
145.	0.019207029652419414
145.1	0.019196453243707248
145.20000000000002	0.01918589221912326
145.3	0.019175344891932594
145.4	0.01916481201583476
145.5	0.019154293492269044
145.6	0.01914378922612477
145.70000000000002	0.01913329941529878
145.8	0.01912282393987127
145.9	0.019112715605753828
146.	0.01910188225868354
146.1	0.019091403180542442
146.20000000000002	0.019080966206344918
146.3	0.019070553681609887
146.4	0.019060159189833607
146.5	0.019049780794578627
146.6	0.01903941791141125
146.70000000000002	0.019029070055353866
146.8	0.019018737018709344
146.9	0.01900841858528699
147.	0.018998114578001723
147.1	0.01898782505069337
147.20000000000002	0.018977549961944593
147.3	0.018967289274627923
147.4	0.018957042810335462
147.5	0.018946810461478596
147.6	0.018936592585781398
147.70000000000002	0.018926388877514397
147.8	0.018916199441622497
147.9	0.018906024225123327
148.	0.018895863304597797
148.1	0.018885716586249792
148.20000000000002	0.018875584158597702
148.3	0.01886546723996458
148.4	0.01885536416081895
148.5	0.018845275058475972
148.6	0.018835200292241235
148.70000000000002	0.018825139605411694
148.8	0.018815088915148943
148.9	0.01880504461709472
149.	0.018795013776784657
149.1	0.018784996316212832
149.20000000000002	0.018774992335315818
149.3	0.018765276194323572
149.4	0.01875509798156564
149.5	0.018745335421930853
149.6	0.0187351791326218
149.70000000000002	0.018725446255585646
149.8	0.018715316276971598
149.9	0.018705609896902287
150.	0.018695506777645927
150.1	0.018685826398491517
150.20000000000002	0.018675749389671165
150.3	0.01866609538225467
150.4	0.018656044393933514
150.5	0.01864641654989341
150.6	0.018636391768393244
150.70000000000002	0.018626789932107864
150.8	0.01861679083540724
150.9	0.018606809228499957
151.	0.01859744254755363
151.1	0.018587494895336013
151.20000000000002	0.018577949783038228
151.3	0.018568014148732718
151.4	0.018558503368867378
151.5	0.018548592547478284
151.6	0.018539108266466032
151.70000000000002	0.018529221355887287
151.8	0.018519764075948627
151.9	0.01850990052879357
152.	0.018500470579301383
152.1	0.018490630459602017
152.20000000000002	0.018481227447333725
152.3	0.01847141153573934
152.4	0.01846203449958726
152.5	0.018452241782985872
152.6	0.018442891735981404
152.70000000000002	0.01843312256488814
152.8	0.018423798792295217
152.9	0.0184140527859645
153.	0.01840475549865711
153.1	0.01839503301867021
153.20000000000002	0.018385761537367262
153.3	0.018376062624700526
153.4	0.018366816862532033
153.5	0.01835714057644985
153.6	0.01834792123903428
153.70000000000002	0.018338268166498854
153.8	0.01832907435062509
153.9	0.01831944422120582
154.	0.01831027621167802
154.1	0.018300669361091544
154.20000000000002	0.01829152638285889
154.3	0.018281942362805642
154.4	0.018272824776406647
154.5	0.018263263719980733
154.60000000000002	0.01825417114940167
154.70000000000002	0.018244632932087758
154.8	0.018235565580575572
154.9	0.0182260502204457
155.	0.01821700756548074
155.10000000000002	0.018207514525938325
155.20000000000002	0.01819849697032592
155.3	0.018189026418747388
155.4	0.0181800335421981
155.5	0.018170586082209884
155.60000000000002	0.018161617265263025
155.70000000000002	0.01815219154088926
155.8	0.018143247918569718
155.9	0.018133844692498863
156.	0.018124925098272987
156.10000000000002	0.018115544362456108
156.20000000000002	0.018106648961541624
156.3	0.0180972903138257
156.4	0.018088419027211748
156.5	0.01807908269363426
156.60000000000002	0.018070235215417788
156.70000000000002	0.018060921012917626
156.8	0.018052097477881338
156.9	0.018042805070081717
157.	0.01803400527245956
157.10000000000002	0.01802473516607602
157.20000000000002	0.018015958733813092
157.3	0.01800671041904871
157.4	0.017997957733293168
157.5	0.017988731086631942
157.60000000000002	0.01798000182642672
157.70000000000002	0.01797079698368806
157.8	0.017962090836328843
157.9	0.017952907591468066
158.	0.017944224822761277
158.10000000000002	0.017935063370689317
158.20000000000002	0.01792640352960426
158.3	0.01791726343029844
158.4	0.017908626643105562
158.5	0.017899508039534866
158.60000000000002	0.017890894166104992
158.70000000000002	0.01788179727255797
158.8	0.0178732058453912
158.9	0.017864130368528772
159.	0.017855561455301056
159.10000000000002	0.01784650725914876
159.20000000000002	0.01783796072306786
159.3	0.017828928401069453
159.4	0.017820403906703388
159.5	0.017811392459441133
159.60000000000002	0.017802890320057725
159.70000000000002	0.01779390042627009
159.8	0.017785420116125245
159.9	0.017776451183871195
160.	0.01776799299539615
160.10000000000002	0.017759045288238868
160.20000000000002	0.017750608776551564
160.3	0.017741682308207236
160.4	0.017733267455898538
160.5	0.017724362025302327
160.60000000000002	0.017715968648781173
160.70000000000002	0.01770708378203345
160.8	0.017698712267275436
160.9	0.017689848793399972
161.	0.017681498378782613
161.10000000000002	0.01767265544659826
161.20000000000002	0.01766432650173789
161.3	0.017655504338888874
161.4	0.017647196557026193
161.5	0.017638395111026273
161.60000000000002	0.017630108289783723
161.70000000000002	0.01762132753718997
161.8	0.01761306188758359
161.9	0.01760430149101606
162.	0.017596056737361095
162.10000000000002	0.017587316843313737
162.20000000000002	0.01757909306735601
162.3	0.017570373641362623
162.4	0.017562170524502783
162.5	0.017553471320214724
162.60000000000002	0.017545288889609795
162.70000000000002	0.01753661024171874
162.8	0.017528448192564775
162.9	0.017519789368557154
163.	0.017511648126489462
163.10000000000002	0.017503009643732918
163.20000000000002	0.0174948885590845
163.3	0.01748627031174172
163.4	0.01747816938232884
163.5	0.017469565860695507
163.60000000000002	0.017461490324205853
163.70000000000002	0.01745314007578445
163.8	0.01744466237573225
163.9	0.017436548623842644
164.	0.01742801291574153
164.10000000000002	0.017419968295897634
164.20000000000002	0.017411455846235088
164.3	0.01740342893931135
164.4	0.017395168912053192
164.5	0.01738668478799332
164.60000000000002	0.017378693893427468
164.70000000000002	0.0173702320926864
164.8	0.017362253214969585
164.9	0.017353810960784265
165.	0.017345851511918493
165.10000000000002	0.017337429324637377
165.20000000000002	0.017329488941883325
165.3	0.01732108653401842
165.4	0.01731316517619228
165.5	0.017304782534986567
165.60000000000002	0.01729688002894249
165.70000000000002	0.01728851731125638
165.8	0.0172806335536164
165.9	0.017272290508501854
166.	0.017264425461939834
166.10000000000002	0.017256102019790293
166.20000000000002	0.017248255664260814
166.3	0.017239950383074066
166.4	0.017232124162255023
166.5	0.017223829982550332
166.60000000000002	0.017216030218584644
166.70000000000002	0.017207747958536232
166.8	0.017199974238481516
166.9	0.017191706716516826
167.	0.01718395609410548
167.10000000000002	0.01717570323976392
167.20000000000002	0.01716797548640432
167.3	0.017159736013962673
167.4	0.017152032436910238
167.5	0.017143807671054414
167.60000000000002	0.017136126381930263
167.70000000000002	0.01712791755996639
167.8	0.01712025775306064
167.9	0.01711206423998739
168.	0.017104426121535978
168.10000000000002	0.017096248121581042
168.20000000000002	0.017088631278120523
168.3	0.017080469350195134
168.4	0.017072873385963746
168.5	0.01706472791045824
168.60000000000002	0.017057151950439976
168.70000000000002	0.017049022542137592
168.8	0.01704146712695529
168.9	0.017033355000688324
169.	0.017025818558465668
169.10000000000002	0.017017723367555335
169.20000000000002	0.017010206298633795
169.3	0.017002127656521066
169.4	0.016994630034208997
169.5	0.016986568495208052
169.60000000000002	0.016979089647550544
169.70000000000002	0.01697104548096266
169.8	0.016963585191443347
169.9	0.016955558216962305
170.	0.016948116427217743
170.10000000000002	0.01694010722594504
170.20000000000002	0.01693268316189769
170.3	0.016924691461033446
170.4	0.01691728544105057
170.5	0.0169093111079972
170.60000000000002	0.01690192287054138
170.70000000000002	0.01689396625229972
170.8	0.016886595531509244
170.9	0.016878929599030205
171.	0.016871105071833592
171.10000000000002	0.016863672343502237
171.20000000000002	0.016855753868302927
171.3	0.016848430114549392
171.4	0.016840535218438004
171.5	0.01683322493869078
171.60000000000002	0.016825618532693043
171.70000000000002	0.016817859740187298
171.8	0.01681048416306124
171.9	0.016802627562522137
172.	0.016795362819230126
172.10000000000002	0.016787529425569093
172.20000000000002	0.01678027829016134
172.3	0.016772462185645397
172.4	0.016765227800573893
172.5	0.016757429170138217
172.60000000000002	0.01675021131314933
172.70000000000002	0.01674243010535961
172.8	0.01673522873621011
172.9	0.016727464969123397
173.	0.01672027994970011
173.10000000000002	0.01671253361219083
173.20000000000002	0.01670536485482119
173.3	0.01669790036804022
173.4	0.01669027188225794
173.5	0.0166830568899993
173.60000000000002	0.01667535002015358
173.70000000000002	0.01666822365429726
173.8	0.01666053792750378
173.9	0.016653425449333993
174.	0.016645756894903406
174.10000000000002	0.01663866046042128
174.20000000000002	0.016631008885807184
174.3	0.016623928466774074
174.4	0.01661629411190374
174.5	0.016609229395621067
174.60000000000002	0.016601611970290614
174.70000000000002	0.01659456315237225
174.8	0.016586962757159207
174.9	0.01657992949756362
175.	0.016572345998938295
175.10000000000002	0.016565328354742316
175.20000000000002	0.016557761855812238
175.3	0.016550759749267254
175.4	0.016543209949806667
175.5	0.016536223489979372
175.60000000000002	0.01652869044496967
175.70000000000002	0.016521719446831507
175.8	0.016514456107359184
175.9	0.016507024741058224
176.	0.01650002466943133
176.10000000000002	0.016492530925347186
176.20000000000002	0.016485599348255157
176.3	0.0164781246305857
176.4	0.016471207068672816
176.5	0.016463748897646117
176.60000000000002	0.016456846597408405
176.70000000000002	0.016449404910866917
176.8	0.01644251774496074
176.9	0.016435092318403934
177.	0.016428220281767488
177.10000000000002	0.01642081132921977
177.20000000000002	0.016413954127775153
177.3	0.016406561643411463
177.4	0.016399719423027603
177.5	0.016392343032616385
177.60000000000002	0.01638551576373436
177.70000000000002	0.01637839994319714
177.8	0.01637111824269961
177.9	0.01636426967522291
178.	0.016357173643108444
178.10000000000002	0.016349928726375945
178.20000000000002	0.016343092191931915
178.3	0.016336018123433493
178.4	0.016328800130873164
178.5	0.01632198361481705
178.60000000000002	0.01631469355460077
178.70000000000002	0.016307948069583425
178.8	0.016300676080665523
178.9	0.016293944386000608
179.	0.01628668860394539
179.10000000000002	0.01627997110187091
179.20000000000002	0.016272731329871525
179.3	0.01626602798673876
179.4	0.016258804253264526
179.5	0.016252115135555252
179.60000000000002	0.016244907320425668
179.70000000000002	0.016238232250392188
179.8	0.01623104017576573
179.9	0.016224379345943146
180.	0.016217202992280005
180.10000000000002	0.01621055627383714
180.20000000000002	0.01620339561778343
180.3	0.016196762908626115
180.4	0.016189849128236882
180.5	0.016182775614422
180.60000000000002	0.016176129378294168
180.70000000000002	0.016169006095133037
180.8	0.016162409047855368
180.9	0.016155302770567974
181.	0.01614871907838461
181.10000000000002	0.01614162813681891
181.20000000000002	0.016135058352744588
181.3	0.016127982681365966
181.4	0.016121426798053687
181.5	0.016114366414221103
181.60000000000002	0.016107824296561137
181.70000000000002	0.016100779136231303
181.8	0.016094250801146123
181.9	0.016087220792404457
182.	0.01608070622331383
182.10000000000002	0.016073691283566432
182.20000000000002	0.016067190327325287
182.3	0.016060190645137373
182.4	0.016053702548141497
182.5	0.016046719296356853
182.60000000000002	0.016040243424868643
182.70000000000002	0.016033276249281865
182.8	0.016026812707706506
182.9	0.016019861724376753
183.	0.01601341052039304
183.10000000000002	0.01600647557018748
183.20000000000002	0.016000036605239132
183.3	0.015993117622333484
183.4	0.01598669095660683
183.5	0.015979787896548126
183.60000000000002	0.01597337344371455
183.70000000000002	0.01596648615025274
183.8	0.015960083985592108
183.9	0.015953212524809367
184.	0.015946822321223308
184.10000000000002	0.015939966693176794
184.20000000000002	0.01593358870682984
184.3	0.01592674865870198
184.4	0.015920382723557055
184.5	0.015913558367124412
184.60000000000002	0.015907204520388036
184.70000000000002	0.01590039557485115
184.8	0.01589405374620128
184.9	0.0158872604256459
185.	0.01588089271411669
185.10000000000002	0.015874265932607302
185.20000000000002	0.015867840429317957
185.3	0.015861283400385142
185.4	0.015854554239844304
185.5	0.015848206767630005
185.60000000000002	0.015841603161416192
185.70000000000002	0.015835183711043203
185.8	0.015828542321213657
185.9	0.01582218165540847
186.	0.015815569838667574
186.10000000000002	0.015809209294122006
186.20000000000002	0.015802602505470748
186.3	0.015796262820264917
186.4	0.015789670289674557
186.5	0.01578334359403883
186.60000000000002	0.015776761470212085
186.70000000000002	0.015770450854561774
186.8	0.015763881016242865
186.9	0.015757584846265542
187.	0.015751027688376433
187.10000000000002	0.01574474531611612
187.20000000000002	0.015738199882895217
187.3	0.01573193237422199
187.4	0.015725399149720758
187.5	0.01571914573965354
187.60000000000002	0.01571262458784973
187.70000000000002	0.015706385389111687
187.8	0.01569987680219136
187.9	0.015693651220837778
188.	0.015687154784508817
188.10000000000002	0.015680943230513614
188.20000000000002	0.015674459119875906
188.3	0.015668261168416617
188.4	0.01566178941288494
188.5	0.015655605098137168
188.60000000000002	0.015649145938734305
188.70000000000002	0.015642974908068975
188.8	0.01563652781695456
188.9	0.01563037054603576
189.	0.015623935927182534
189.10000000000002	0.015617791725493277
189.20000000000002	0.01561136974560736
189.3	0.015605238600079759
189.4	0.015598829156938308
189.5	0.015592710974814867
189.60000000000002	0.015586313897207417
189.70000000000002	0.015580208894502892
189.8	0.015573824591008142
189.9	0.01556773205250978
190.	0.015561360271236783
190.10000000000002	0.015555280626928607
190.20000000000002	0.015548921234138133
190.3	0.015542854189992258
190.4	0.01553650719986062
190.5	0.015530452881378361
190.60000000000002	0.015524118632440714
190.70000000000002	0.015518076820405974
190.8	0.015511754916882111
190.9	0.015505725540088406
191.	0.015499416129874228
191.10000000000002	0.015493399196242607
191.20000000000002	0.015487102094814683
191.3	0.015481097681693437
191.4	0.015474813071127915
191.5	0.01546882083448296
191.60000000000002	0.01546254856178977
191.70000000000002	0.015456568590783084
191.8	0.015450308786410991
191.9	0.01544434106345843
192.	0.015438093442382544
192.10000000000002	0.015432137781688848
192.20000000000002	0.015425902643133366
192.3	0.01541995906378131
192.4	0.015413736110475038
192.5	0.015407804615146854
192.60000000000002	0.015401593946679521
192.70000000000002	0.015395674465664259
192.8	0.015389476015184572
192.9	0.015383568461169443
193.	0.015377382205126933
193.10000000000002	0.015371486501631504
193.20000000000002	0.015365198006056823
193.3	0.015359423355939216
193.4	0.015353275830459225
193.5	0.015347395036215478
193.60000000000002	0.015341244294705299
193.70000000000002	0.015335384619077581
193.8	0.015329246942581594
193.9	0.015323398289397933
194.	0.015317272710768158
194.10000000000002	0.015311435670076713
194.20000000000002	0.015305322096468031
194.3	0.0152994967602734
194.4	0.015293395207409076
194.5	0.015287581387342177
194.60000000000002	0.0152814917800776
194.70000000000002	0.015275689492744769
194.8	0.015269611668158373
194.9	0.015263821103514957
195.	0.015257755140896414
195.10000000000002	0.015251975868096661
195.20000000000002	0.015245921973385817
195.3	0.015240154055563416
195.4	0.015234111960075698
195.5	0.015228355443778043
195.60000000000002	0.015222325101748055
195.70000000000002	0.01521657995781411
195.8	0.015210561312050926
195.9	0.015204827496310675
196.	0.015198820665128555
196.10000000000002	0.015193098049719838
196.20000000000002	0.015187102851357983
196.3	0.015181391487714243
196.4	0.015175407907686619
196.5	0.015169707778370352
196.60000000000002	0.015163735887837341
196.70000000000002	0.015158046881623394
196.8	0.01515208652203943
196.9	0.015146408608048985
197.	0.015140459880002758
197.10000000000002	0.015134793021529399
197.20000000000002	0.015128855777502804
197.3	0.01512319997346703
197.4	0.015117274222468127
197.5	0.015111629431606117
197.60000000000002	0.01510571507811666
197.70000000000002	0.015100081359739566
197.8	0.015094178391673048
197.9	0.01508855549611937
198.	0.015082664085930089
198.10000000000002	0.015077052097377256
198.20000000000002	0.01507117194790597
198.3	0.01506557074177956
198.4	0.015059702051121407
198.5	0.015054111656289152
198.60000000000002	0.01504825430169823
198.70000000000002	0.015042674617161375
198.8	0.015036828674509208
198.9	0.015031259542646915
199.	0.015025425158338396
199.10000000000002	0.01501986657015563
199.20000000000002	0.015014043490646525
199.3	0.015008495340483543
199.4	0.01500268364156107
199.5	0.014997145964223225
199.60000000000002	0.014991345435627744
199.70000000000002	0.014985818302438208
199.8	0.014980029043307698
199.9	0.014974512309378725
200.	0.01496873422433485