200.	0.01496915374844889
199.9	0.014974412968434093
199.8	0.014980062929881684
199.7	0.014985718410953204
199.6	0.01499137919722635
199.5	0.014997045459088493
199.4	0.01500271709427717
199.3	0.015008394247713407
199.2	0.015014076715937314
199.1	0.0150197646672074
199.	0.015025458145438217
198.9	0.01503115705667072
198.8	0.015036861547819295
198.7	0.01504257166170799
198.6	0.01504828723290776
198.5	0.015054008295406372
198.4	0.015059734882740265
198.3	0.015065467042132876
198.2	0.015071204682659028
198.1	0.01507694792245535
198.	0.015082696678407979
197.9	0.015088451017894158
197.8	0.015094210921630817
197.7	0.015099976424084047
197.6	0.015105747493826567
197.5	0.01511152413227041
197.4	0.015117306400375384
197.3	0.015123094350646613
197.2	0.015128887860634146
197.1	0.015134686959219028
197.	0.015140491756028236
196.9	0.015146299767980775
196.8	0.015152109759172236
196.7	0.015157925881047559
196.6	0.015163880396712332
196.5	0.015169578005124472
196.4	0.015175539709052261
196.3	0.015181254233663307
196.2	0.015187089910626698
196.1	0.015192976607798005
196.	0.01519887626896698
195.9	0.015204719401578458
195.8	0.015210670387106889
195.7	0.015216433619358764
195.6	0.015222362687139475
195.5	0.015228318711026726
195.4	0.015234214496247647
195.3	0.01524011763517777
195.2	0.01524602567368025
195.1	0.015251911806224046
195.	0.015257746305556015
194.9	0.015263675017524474
194.8	0.015269652051502934
194.7	0.015275588029728197
194.6	0.015281534502154357
194.5	0.015287442974309283
194.4	0.015293527670256027
194.3	0.015299498802406919
194.2	0.015305486391274492
194.1	0.015311471669496809
194.	0.015317449389609213
193.9	0.01532343306374997
193.8	0.015329422569882581
193.7	0.015335418037354767
193.6	0.015341419192469053
193.5	0.015347426091583807
193.4	0.015353438444876409
193.3	0.01535945744866386
193.2	0.01536548335537487
193.1	0.015371490157047401
193.	0.015377365259460308
192.9	0.015383428074819783
192.8	0.0153898754800193
192.7	0.015395460416028711
192.6	0.01540160892442879
192.5	0.015407748442150615
192.4	0.015413824422596749
192.3	0.01541990656353993
192.2	0.015425874963594694
192.1	0.015431999382181696
192.	0.015438105694083906
191.9	0.015444286156009627
191.8	0.015450407291981579
191.7	0.015456457220816896
191.6	0.015462541441695713
191.5	0.015468625306704875
191.4	0.01547477275109919
191.3	0.015480924230709575
191.2	0.015487071659735872
191.1	0.01549322523195445
191.	0.015499385009088705
190.9	0.015505551002716538
190.8	0.01551172319721263
190.7	0.01551810790709637
190.6	0.015524086559599193
190.5	0.01553027805801515
190.4	0.015536475582287459
190.3	0.015542679316169974
190.2	0.01554888929408343
190.1	0.0155551054862768
190.	0.015561328028238848
189.9	0.015567556891596316
189.8	0.015573791911087256
189.7	0.015580033326821553
189.6	0.015586281097943768
189.5	0.015592535173826276
189.4	0.015598795542998286
189.3	0.015605062415917297
189.2	0.015611335616646219
189.1	0.015617615136193943
189.	0.01562390110463329
188.9	0.015630193497215884
188.8	0.01563670672232509
188.7	0.015642797352985283
188.6	0.015649109234625064
188.5	0.015655642806294286
188.4	0.0156623940030787
188.3	0.01566808268983025
188.2	0.015674412011788177
188.1	0.015680751352845076
188.	0.01568709770892152
187.9	0.01569345089044975
187.8	0.015699811421990017
187.7	0.01570617885163061
187.6	0.015712721249504194
187.5	0.015719400925738446
187.4	0.015725394629976092
187.3	0.015731787455227284
187.2	0.015738225206694413
187.1	0.015744630382244315
187.	0.01575099533724645
186.9	0.015757543005632372
186.8	0.015763972646108182
186.7	0.015770410078146082
186.6	0.01577685334352014
186.5	0.015783260412647084
186.4	0.01578963145378157
186.3	0.01579612657683492
186.2	0.015802620705364284
186.1	0.01580903479383395
186.	0.01581553777268564
185.9	0.015822092150583972
185.8	0.01582860190648921
185.7	0.015835127276774275
185.6	0.015841644732826603
185.5	0.015848161514716668
185.4	0.015854550514462894
185.3	0.015861215440815608
185.2	0.015867752363863657
185.1	0.01587429586504953
185.	0.015880845793562817
184.9	0.015887403564726458
184.8	0.015893833569913824
184.7	0.015900428156961383
184.6	0.015907006871047312
184.5	0.015913706780162816
184.4	0.015920294248516032
184.3	0.015926821088010173
184.2	0.015933504148948004
184.1	0.015940491916993364
184.	0.015946740514377538
183.9	0.015953732431382865
183.8	0.015959801695247345
183.7	0.0159665325848198
183.6	0.01597322709917072
183.5	0.015979850888712153
183.4	0.015986497629085925
183.3	0.015993330896883057
183.2	0.016000022324858115
183.1	0.016006739815557253
183.	0.016013445742428332
182.9	0.01602014534687856
182.8	0.01602685254753198
182.7	0.016033566938275613
182.6	0.016040288642537162
182.5	0.016047018019821908
182.4	0.01605375521642492
182.3	0.01606049956689361
182.2	0.016067251379302688
182.1	0.016074010683645355
182.	0.016080777415313968
181.9	0.016087551605834246
181.8	0.01609433330055128
181.7	0.016101122603823483
181.6	0.01610791955989486
181.5	0.016114723791178506
181.4	0.016121535365400293
181.3	0.01612834756978439
181.2	0.016135167011405525
181.1	0.016141993784028346
181.	0.01614882787920167
180.9	0.01615566915352869
180.8	0.016162517970681013
180.7	0.01616937400129372
180.6	0.01617623743499172
180.5	0.016183108293217275
180.4	0.016189986473626936
180.3	0.01619687205345162
180.2	0.016203765088480714
180.1	0.01621066546399022
180.	0.01621757340451606
179.9	0.016224488604875454
179.8	0.016231411410594265
179.7	0.016238341650214
179.6	0.016245279326141445
179.5	0.016252224568942163
179.4	0.016259177350380787
179.3	0.016266137608713812
179.2	0.016273105466792493
179.1	0.016280080806264353
179.	0.01628706368100472
178.9	0.016294054221006726
178.8	0.016301052291178203
178.7	0.01630805798851893
178.6	0.016315071306379
178.5	0.016321786164709102
178.4	0.016329121051285696
178.3	0.01633615701287705
178.2	0.016343200984230862
178.1	0.016350252572378696
178.	0.016357311868476537
177.9	0.01636437884403074
177.8	0.016371453554390653
177.7	0.016378536026339024
177.6	0.016385626193444545
177.5	0.0163927242132764
177.4	0.01639983020782761
177.3	0.016406944060399303
177.2	0.016414065604013633
177.1	0.016421195048912582
177.	0.016428332280851735
176.9	0.016435477375455206
176.8	0.016442630361424303
176.7	0.016449791191633
176.6	0.016456959929242416
176.5	0.01646413645292031
176.4	0.016471320924442753
176.3	0.01647851341214743
176.2	0.016485713746417375
176.1	0.016492922063747195
176.	0.016499819978404884
175.9	0.016507363132660394
175.8	0.016514594900483598
175.7	0.016521835231068146
175.6	0.016529083439892442
175.5	0.016536339834893853
175.4	0.016543604145156942
175.3	0.016550876654669363
175.2	0.01655815708787759
175.1	0.016565445779612567
175.	0.01657274249838745
174.9	0.016580047389560735
174.8	0.016587360356628566
174.7	0.016594681514054656
174.6	0.016602010757428794
174.5	0.016609021718085554
174.4	0.016616694433871194
174.3	0.016624047855728977
174.2	0.016631410017795896
174.1	0.016638780362242013
174.	0.01664615886245658
173.9	0.016653545891286946
173.8	0.01666094097980674
173.7	0.016668344351688274
173.6	0.016675756284787256
173.5	0.016683176304401078
173.4	0.01669060467056259
173.3	0.016698041536281443
173.2	0.016705486723078335
173.1	0.016712940295279102
173.	0.016720402265665797
172.9	0.016727872664736063
172.8	0.016735351409735515
172.7	0.016742838757434927
172.6	0.01675033436955045
172.5	0.016757838638476536
172.4	0.016765351285213143
172.3	0.01677287256179553
172.2	0.01678040219999208
172.1	0.016787940480172844
172.	0.016795487284447866
171.9	0.01680304267956463
171.8	0.016810606661655774
171.7	0.016818179213629207
171.6	0.01682576040470017
171.5	0.01683335027054239
171.4	0.016840948692634382
171.3	0.016848555878231142
171.2	0.016856171686498597
171.1	0.01686379621437789
171.	0.0168714293694801
170.9	0.01687907138964784
170.8	0.01688672211519025
170.7	0.01689438154008669
170.6	0.016902049813791724
170.5	0.01690972682214928
170.4	0.01691741263888093
170.3	0.016925107302375897
170.2	0.016932810834539274
170.1	0.016940523091180857
170.	0.016948244344135135
169.9	0.01695597438861744
169.8	0.01696371343148401
169.7	0.016971461419472655
169.6	0.01697921817424373
169.5	0.01698698414925879
169.4	0.016994758823302057
169.3	0.017002542619512864
169.2	0.017010335393663693
169.1	0.017018137174310024
169.	0.017025947994296072
168.9	0.01703376796788989
168.8	0.017041596908296312
168.7	0.01704943490972232
168.6	0.017057282020375843
168.5	0.01706513833797699
168.4	0.017073003675706494
168.3	0.017080878301422023
168.2	0.01708876192771449
168.1	0.017096654825912154
168.	0.017104556992807527
167.9	0.017112468237656824
167.8	0.017120388918441108
167.7	0.017128318755380616
167.6	0.01713589302961843
167.5	0.017144206577416426
167.4	0.01715216385860467
167.3	0.01716013077416422
167.2	0.017168107221863398
167.1	0.01717572526069864
167.	0.017184088490434818
166.9	0.017192092522229876
166.8	0.01720010642387483
166.7	0.017208129771233788
166.6	0.017216162490705858
166.5	0.01722420473089433
166.4	0.017232256465192743
166.3	0.017240317634483568
166.2	0.017248388336165245
166.1	0.017256468652858625
166.	0.017264558516678838
165.9	0.01727265793233225
165.8	0.017280766805342147
165.7	0.017288885403724863
165.6	0.0172970136029053
165.5	0.01730515150049194
165.4	0.01731292111241336
165.3	0.017321456722418055
165.2	0.01732962304470028
165.1	0.0173377997685752
165.	0.017345986079610246
164.9	0.01735380133562523
164.8	0.017362388622338198
164.7	0.0173706037574065
164.6	0.017378829179043438
164.5	0.01738706451947819
164.4	0.01739530963356542
164.3	0.017403564726667615
164.2	0.01741182952539797
164.1	0.017420104266378317
164.	0.017428389086150964
163.9	0.017436683666681923
163.8	0.01744498833908324
163.7	0.01745330292674656
163.6	0.01746162751717425
163.5	0.017469962114480195
163.4	0.017478306765819716
163.3	0.01748666146560853
163.2	0.017495026227637395
163.1	0.017503401088508484
163.	0.017511393229365457
162.9	0.017520181720934475
162.8	0.017528586414925985
162.7	0.017537001858924466
162.6	0.017545427436053175
162.5	0.017553863350489675
162.4	0.017562309326597948
162.3	0.01757076567520295
162.2	0.01757923229112248
162.1	0.017587709111003977
162.	0.017596196283629528
161.9	0.01760469381386835
161.8	0.017613201598355867
161.7	0.01762131859357599
161.6	0.0176302489160955
161.5	0.017638384854864533
161.4	0.017647337391392123
161.3	0.017655896698779802
161.2	0.01766446714822585
161.1	0.017673047942569724
161.	0.017681639288144507
160.9	0.017690241195290096
160.8	0.017698853619306516
160.7	0.01770747661944754
160.6	0.01771611014885567
160.5	0.017724754457741656
160.4	0.017733409269776863
160.3	0.017742074846768773
160.2	0.017750339675260882
160.1	0.01775943842482344
160.	0.017768135430490092
159.9	0.017776843764587054
159.8	0.017785562855913036
159.7	0.017794292659589792
159.6	0.017803033336013616
159.5	0.017811368724684872
159.4	0.017820547843870195
159.3	0.01782932032919845
159.2	0.017838104413057672
159.1	0.017846899421788926
159.	0.01785570537893144
158.9	0.017864522242054228
158.8	0.017873350093865436
158.7	0.017882188952224192
158.6	0.017890616250473883
158.5	0.017899900285053928
158.4	0.01790877156332018
158.3	0.017917654604926093
158.2	0.01792654876195672
158.1	0.017935454017786148
158.	0.017944370430032847
157.9	0.017953297935829633
157.8	0.017962236713195585
157.7	0.0179711867238644
157.6	0.01798014793170403
157.5	0.017989120418213086
157.4	0.017998104094073212
157.3	0.018007099184473192
157.2	0.018016105600753188
157.1	0.018025123254094326
157.	0.018034152492271704
156.9	0.018043192870388986
156.8	0.018052244911071685
156.7	0.018061308135515115
156.6	0.01807038300259114
156.5	0.01807946933160332
156.4	0.01808856710702294
156.3	0.01809767642004732
156.2	0.018106797353410035
156.1	0.018115929828383736
156.	0.018125073936626233
155.9	0.0181342295890385
155.8	0.018143396931997
155.7	0.018152576094278984
155.6	0.01816176673772398
155.5	0.018170969267458904
155.4	0.01818018347193426
155.3	0.018189409315933346
155.2	0.01819864706675396
155.1	0.018207896650901192
155.	0.018217157917653333
154.9	0.01822643119835234
154.8	0.01823571646199597
154.7	0.018245013493769533
154.6	0.01825432250207438
154.5	0.018263643363667235
154.4	0.01827297629992238
154.3	0.01828232128264915
154.2	0.018291678203572928
154.1	0.018301047288278856
154.	0.018310428416895147
153.9	0.018319821617147947
153.8	0.01832922585477289
153.7	0.0183386403983648
153.6	0.018348067116316553
153.5	0.0183575060088898
153.4	0.018366957047633033
153.3	0.01837642052093512
153.2	0.01838589627918106
153.1	0.01839538438382689
153.	0.018404884900312866
152.9	0.018414397688512375
152.8	0.018423922871382243
152.7	0.018433460581647278
152.6	0.018443010613951944
152.5	0.01845257319274853
152.4	0.018462148334431654
152.3	0.01847173596745758
152.2	0.018481336180863638
152.1	0.0184909489268017
152.	0.01850057417639177
151.9	0.01851021228644847
151.8	0.0185198628899992
151.7	0.018529526272611244
151.6	0.01853920227217066
151.5	0.01854889105947305
151.4	0.01855859260154015
151.3	0.0185683069324661
151.2	0.0185780340765148
151.1	0.0185877741096413
151.	0.018597527003198
150.9	0.01860729280840485
150.8	0.018617071429147772
150.7	0.018626863200211164
150.6	0.018636667831539205
150.5	0.018646485581016246
150.4	0.018656316225618922
150.3	0.01866616002404405
150.2	0.018676016918356294
150.1	0.018685886815251393
150.	0.018695769807983813
149.9	0.01870566607053346
149.8	0.018715575529524374
149.7	0.01872549815039849
149.6	0.01873543389611123
149.5	0.018745383473607234
149.4	0.018755346322251346
149.3	0.018765322591150428
149.2	0.01877531217507845
149.1	0.018785315186193405
149.	0.018795331552616333
148.9	0.018805361397587147
148.8	0.018815404705476494
148.7	0.01882546162846525
148.6	0.018835532005265693
148.5	0.01884561603187359
148.4	0.018855713484309082
148.3	0.01886582477049907
148.2	0.01887594964699118
148.1	0.018886088261325443
148.	0.018896226886674028
147.9	0.01890636986644625
147.8	0.018916528803384382
147.7	0.018926703344900576
147.6	0.018936894693001537
147.5	0.01894710339930222
147.4	0.0189573244809878
147.3	0.018967372666006815
147.2	0.018977555424229107
147.1	0.018988523110873037
147.	0.018998820542854487
146.9	0.019009097490225814
146.8	0.019018837190086367
146.7	0.019029164435884163
146.6	0.019039513347372375
146.5	0.019049874696423594
146.4	0.019060172666769914
146.3	0.019070534861910984
146.2	0.01908105228146429
146.1	0.019091466480483096
146.	0.019101782580131586
145.9	0.019112317318252223
145.8	0.019123498188222357
145.7	0.01913395978169749
145.6	0.019143856163403142
145.5	0.01915440498249157
145.4	0.019165632532547605
145.3	0.01917545674751342
145.2	0.01918600177635873
145.1	0.019196562498366133
145.	0.019207841352157227
144.9	0.019218435417588983
144.8	0.019228333716630915
144.7	0.019238857021617706
144.6	0.019249360372615352
144.5	0.019260091196460317
144.4	0.01927106818734428
144.3	0.019281962418847425
144.2	0.0192921891617685
144.1	0.01930299617649832
144.	0.019313724839801368
143.9	0.019324364533023664
143.8	0.019335448172668763
143.7	0.01934627114553092
143.6	0.019357228663115376
143.5	0.01936732297752162
143.4	0.019378315315994682
143.3	0.019389178934036803
143.2	0.019400068240012606
143.1	0.019410659599302875
143.	0.01942180632848125
142.9	0.019432697923901922
142.8	0.019443605439350455
142.7	0.019454528005974754
142.6	0.019465467352560644
142.5	0.01947642223685493
142.4	0.019487392408673847
142.3	0.01949837795078076
142.2	0.01950937902065508
142.1	0.019520395423934942
142.	0.019531427384839935
141.9	0.019542474959129266
141.8	0.01955353812896867
141.7	0.019564616956356192
141.6	0.019575711734087214
141.5	0.019586822087030317
141.4	0.01959794831847922
141.3	0.019609090362752865
141.2	0.019619966866309284
141.1	0.01963142276190612
141.	0.019642612256894475
140.9	0.019653818092064533
140.8	0.01966502823737093
140.7	0.019676244618955764
140.6	0.019687479065343107
140.5	0.019698731483481398
140.4	0.019710004229293875
140.3	0.01972129553785758
140.2	0.019732531805972082
140.1	0.019743809617882642
140.	0.019755235663639393
139.9	0.019766628771641793
139.8	0.0197778748469843
139.7	0.019790047508599664
139.6	0.019801343971271663
139.5	0.019812899749878505
139.4	0.019824353645313954
139.3	0.01983580241145969
139.2	0.019847109180207174
139.1	0.019858034737981402
139.	0.019869557460565
138.9	0.019881156637449337
138.8	0.01989283138669522
138.7	0.019904437105291217
138.6	0.019916069033949307
138.5	0.019927669744188383
138.4	0.01993928771808489
138.3	0.019950922433575935
138.2	0.01996257386712621
138.1	0.019974241610182703
138.	0.01998592589104908
137.9	0.01999763094128445
137.8	0.020009283845382003
137.7	0.020020799232613684
137.6	0.020033338258678927
137.5	0.020045115023843818
137.4	0.020056660072537574
137.3	0.020067973878423476
137.2	0.020079881883362325
137.1	0.02009172856917727
137.	0.020103496466561167
136.9	0.020115352221992736
136.8	0.02012738587413625
136.7	0.020139211698188126
136.6	0.02015111108604165
136.5	0.02016402309111365
136.4	0.020175077689494985
136.3	0.020187304329046408
136.2	0.020199311674440806
136.1	0.02021087373359868
136.	0.0202233833148199
135.89999999999998	0.02023496935186598
135.8	0.020247523726290066
135.7	0.020259615646400164
135.6	0.020271732820196304
135.5	0.020283380821548642
135.39999999999998	0.02029701390684333
135.3	0.0203076889533326
135.2	0.020320396682061495
135.1	0.020332597777470346
135.	0.020344310406031428
134.89999999999998	0.02035708571533767
134.8	0.020368812191015665
134.7	0.020381097447425764
134.6	0.02039338904678377
134.5	0.02040569936193566
134.39999999999998	0.020418028248881653
134.3	0.02043037583775444
134.2	0.020442742106094727
134.1	0.020455677355441085
134.	0.02046753035772693
133.89999999999998	0.02047995354959728
133.8	0.020492395186160983
133.7	0.020504855570986733
133.6	0.0205173349812742
133.5	0.020530391173565893
133.39999999999998	0.020542350382678796
133.3	0.020554887724846555
133.2	0.02056744349507569
133.1	0.02058058107207076
133.	0.020593175472512097
132.89999999999998	0.020605225917236777
132.8	0.020617859390542403
132.7	0.020630511753840466
132.6	0.02064318347690563
132.5	0.020656444957838842
132.39999999999998	0.02066858486401103
132.3	0.020681315823456645
132.2	0.020694065966340255
132.1	0.02070683560741808
132.	0.02071962502201233
131.89999999999998	0.020732434209435362
131.8	0.02074526328642344
131.7	0.02075811213101571
131.6	0.020771562422029478
131.5	0.02078386905561069
131.39999999999998	0.02079677836341302
131.3	0.020809707095548476
131.2	0.020822656093670698
131.1	0.020835625265463936
131.	0.020849203440247554
130.89999999999998	0.02086162340895977
130.8	0.020874653668583914
130.7	0.020887703877255862
130.6	0.020900774544654832
130.5	0.020914460290562174
130.39999999999998	0.02092697651710275
130.3	0.02094010896678636
130.2	0.020953859605419067
130.1	0.02096703325627426
130.	0.020980228178648412
129.89999999999998	0.02099284323334684
129.8	0.021006078952278268
129.7	0.02101933513251625
129.6	0.02103321639017392
129.5	0.02104651519551897
129.39999999999998	0.021059230770850416
129.3	0.021073181240233878
129.2	0.02108593398779065
129.1	0.02109931841250647
129.	0.021112723121201715
128.89999999999998	0.02112614930645451
128.8	0.021139596504979093
128.7	0.021153065342714147
128.6	0.02116714196124301
128.5	0.021180045886427558
128.39999999999998	0.0211940942740412
128.3	0.021207641589581057
128.2	0.021222223606721574
128.1	0.021234251360817715
128.	0.02124797568199091
127.89999999999999	0.021261974447830522
127.8	0.021275650445374255
127.7	0.021289342529690898
127.6	0.02130279470931737
127.5	0.021317414679918215
127.39999999999999	0.02133093347364744
127.3	0.021344109371500126
127.2	0.021358026946640938
127.1	0.02137190249007124
127.	0.021385742287564808
126.89999999999999	0.021399604097187414
126.8	0.021413486997014352
126.7	0.02142738900519663
126.6	0.021441320985018452
126.5	0.02145492171767091
126.39999999999999	0.021468910114929494
126.3	0.02148409810196964
126.2	0.021496897787347473
126.1	0.02151223244222696
126.	0.021526430480548742
125.89999999999999	0.02153943362461072
125.8	0.021554096629866
125.7	0.021567578165368955
125.6	0.021582182834874678
125.5	0.02159636685553388
125.39999999999999	0.02161057566904876
125.3	0.02162480784453517
125.2	0.02163906444795849
125.1	0.021653348353844224
125.	0.02166765485706729
124.89999999999999	0.02168198408937614
124.8	0.02169633657347416
124.7	0.021710712343870838
124.6	0.021725111715212422
124.5	0.021739534523936403
124.39999999999999	0.02175398139043878
124.3	0.021768451876794003
124.2	0.02178294685513603
124.1	0.02179746555391573
124.	0.02181200852633222
123.89999999999999	0.021826571173453848
123.8	0.02184110163532806
123.7	0.021855661823390875
123.6	0.021870259524932507
123.5	0.021884801439753333
123.39999999999999	0.021899122198592535
123.3	0.021913784807297585
123.19999999999999	0.021928713814222945
123.1	0.021943477534052163
123.	0.02195821513480428
122.89999999999999	0.021972902853421315
122.8	0.02198787978973597
122.69999999999999	0.02200262858770937
122.6	0.02201780374431867
122.5	0.022032805029781954
122.39999999999999	0.02204774118973975
122.3	0.02206270285461883
122.19999999999999	0.022078907373286886
122.1	0.02209269807190515
122.	0.022107716660214632
121.89999999999999	0.022122401769734557
121.8	0.02213750474600114
121.69999999999999	0.02215302558236714
121.6	0.02216817670341042
121.5	0.022183152568416395
121.39999999999999	0.022199384166733355
121.3	0.02221335011512924
121.19999999999999	0.022228968391224957
121.1	0.022244323269289604
121.	0.022259124298287136
120.89999999999999	0.022274464323737614
120.8	0.022289826361712926
120.69999999999999	0.022305756739865134
120.6	0.022320619980122424
120.5	0.022336080951761022
120.39999999999999	0.022351555401066155
120.3	0.022367059794905518
120.19999999999999	0.02238256980980486
120.1	0.02239810461231983
120.	0.022413666298151554
119.89999999999999	0.022429214399128945
119.8	0.02244483397452641
119.69999999999999	0.022460460194515423
119.6	0.02247598498447419
119.5	0.022491647447673537
119.39999999999999	0.022507375393754844
119.3	0.02252314512620744
119.19999999999999	0.02253895706584761
119.1	0.022554821133792695
119.	0.022570718160148426
118.89999999999999	0.022586578898933708
118.8	0.022602467735628955
118.69999999999999	0.022618384356484774
118.6	0.022634328129542407
118.5	0.022650297956009733
118.39999999999999	0.022666300259491623
118.3	0.022682274700474535
118.19999999999999	0.022698206944188042
118.1	0.02271448242610713
118.	0.02273039866878785
117.89999999999999	0.022747559151424138
117.8	0.022763598485193732
117.69999999999999	0.022780160341254806
117.6	0.02279640727525696
117.5	0.022812687844360253
117.39999999999999	0.022828666937645722
117.3	0.022844032102724607
117.19999999999999	0.022860432195834546
117.1	0.02287708696163487
117.	0.022893543465246687
116.89999999999999	0.022910088516944378
116.8	0.02292657510722639
116.69999999999999	0.02294307590150687
116.6	0.02295960729796436
116.5	0.02297616889959504
116.39999999999999	0.022992761228502953
116.3	0.02300938490377555
116.19999999999999	0.023026040716409176
116.1	0.023042727197248508
116.	0.023059444265029327
115.89999999999999	0.023076192331669198
115.8	0.023092971733906332
115.69999999999999	0.023109782101758063
115.6	0.023126624561421467
115.5	0.023143498045151124
115.39999999999999	0.023160400223891806
115.3	0.023177314587473557
115.19999999999999	0.02319425965792514
115.1	0.02321123582951518
115.	0.023228242724504217
114.89999999999999	0.0232452808508401
114.8	0.02326235002964143
114.69999999999999	0.023279450379246478
114.6	0.023296582088240675
114.5	0.023313745080591582
114.39999999999999	0.023330939930126828
114.3	0.02334816604007478
114.19999999999999	0.023365423721728285
114.1	0.023382713547072276
114.	0.023400034942391165
113.89999999999999	0.023417388350418858
113.8	0.023434773700788558
113.69999999999999	0.023452191477752227
113.6	0.023469641331299636
113.5	0.023487123354466368
113.39999999999999	0.02350463790883918
113.3	0.023522184969270814
113.19999999999999	0.02353976453107744
113.1	0.023557376898604706
113.	0.023575021941248612
112.89999999999999	0.023592699828991908
112.8	0.02361041085859271
112.69999999999999	0.023628154789354525
112.6	0.02364593200700843
112.5	0.023663742213881987
112.39999999999999	0.023681585927029115
112.3	0.023699463125671425
112.19999999999999	0.02371737384611776
112.1	0.023735317931070227
112.	0.02375329592696221
111.89999999999999	0.02377130757939934
111.8	0.02378935335866628
111.69999999999999	0.023807432955172736
111.6	0.023825546569432636
111.5	0.02384369440162882
111.39999999999999	0.023861876235493948
111.3	0.02388009264099864
111.19999999999999	0.0238983433963022
111.1	0.023916629043993016
111.	0.023934951610508837
110.89999999999999	0.023953309223838037
110.8	0.02397170192058123
110.69999999999999	0.023990129671995267
110.6	0.024008592537032396
110.5	0.024027090910354244
110.39999999999999	0.024045624657992273
110.3	0.0240641941537931
110.19999999999999	0.02408279932033646
110.1	0.024101363477789104
110.	0.024119950245371433
109.89999999999999	0.02413859664032713
109.8	0.024156996234588703
109.69999999999999	0.024177020133543288
109.6	0.024195500467174013
109.5	0.024213302939410656
109.39999999999999	0.024232228815961526
109.3	0.024250932145988134
109.19999999999999	0.024270138157125514
109.1	0.024288885191749637
109.	0.024309801015937136
108.89999999999999	0.024327042148180364
108.8	0.024346656190620042
108.69999999999999	0.02436580377898678
108.6	0.02438661100525831
108.5	0.024405840932097893
108.39999999999999	0.024425095785508884
108.3	0.024444382275697674
108.19999999999999	0.024461986752166164
108.1	0.02448129351396986
108.	0.024500907009749166
107.89999999999999	0.024520252036556237
107.8	0.024539321684149535
107.69999999999999	0.024559976308640534
107.6	0.024578675672809212
107.5	0.024598570323959682
107.39999999999999	0.024618217216201985
107.3	0.024637903983523623
107.19999999999999	0.024657630123018096
107.1	0.02467740022383078
107.	0.024697210238153067
106.89999999999999	0.024717058389325933
106.8	0.024736945462997862
106.69999999999999	0.024756871549664345
106.6	0.024776837315288104
106.5	0.024796842608237845
106.39999999999999	0.024816887845672906
106.3	0.024836973586233702
106.19999999999999	0.024857099356751233
106.1	0.024877265978298636
106.	0.024896769678216905
105.89999999999999	0.024917558265839686
105.8	0.024937815713340663
105.69999999999999	0.02495809875098436
105.6	0.024978142053200623
105.5	0.024998678178309523
105.39999999999999	0.025020324289398883
105.3	0.025039430230212472
105.19999999999999	0.0250614764141153
105.1	0.02508239534939191
105.	0.025101223516037163
104.89999999999999	0.025122248300325115
104.8	0.02514306039551229
104.69999999999999	0.02516394619041606
104.6	0.025184733427252744
104.5	0.0252055632534468
104.39999999999999	0.025226429569118115
104.3	0.025247350061431376
104.19999999999999	0.025267601650488396
104.1	0.025288607006268927
104.	0.025309974299738892
103.89999999999999	0.025331080613727307
103.8	0.025351926243578304
103.69999999999999	0.025373100058779165
103.6	0.02539485153757871
103.5	0.025416244305099644
103.39999999999999	0.025437704319458153
103.3	0.02545907927773944
103.19999999999999	0.02547934643795221
103.1	0.025502039926397983
103.	0.02552230528345456
102.89999999999999	0.025543891805336116
102.8	0.025565493449906225
102.69999999999999	0.02558713635913878
102.6	0.025610140147236383
102.5	0.025630504814291993
102.39999999999999	0.025652265201161633
102.3	0.02567406609762014
102.19999999999999	0.025695913033083207
102.1	0.025717806213389188
102.	0.025739745362615616
101.89999999999999	0.025761731095028183
101.8	0.025783763520320045
101.69999999999999	0.025805843168401073
101.6	0.025827969522906783
101.5	0.025850142944766834
101.39999999999999	0.025872363496118735
101.3	0.02589463139897349
101.19999999999999	0.025916947038205313
101.1	0.0259393103734718
101.	0.02596172108752983
100.89999999999999	0.02598418004152369
100.8	0.026006687222702614
100.69999999999999	0.02602924269847126
100.6	0.026051846387756424
100.5	0.026074499032330285
100.39999999999999	0.026097200437986308
100.3	0.026119950995271455
100.19999999999999	0.02614275123636973
100.1	0.02616560086195459
100.	0.0261884999922082
99.89999999999999	0.026211448480198192
99.8	0.026234446856200043
99.69999999999999	0.026257495463130963
99.6	0.026280593999538727
99.5	0.026303742938448428
99.39999999999999	0.026326942554163225
99.3	0.026350192644005982
99.19999999999999	0.026373493647981344
99.1	0.026396845583164564
99.	0.026420248900553032
98.89999999999999	0.026443703592178985
98.8	0.02646720985174279
98.69999999999999	0.026490767780666134
98.6	0.02651437773808319
98.5	0.026538039774075442
98.39999999999999	0.026561753989199924
98.3	0.02658552087407857
98.19999999999999	0.026609340277473387
98.1	0.02663321255209214
98.	0.026657138112056673
97.89999999999999	0.02668111671387977
97.8	0.026705148553117706
97.69999999999999	0.02672923433590839
97.6	0.026753373769771785
97.5	0.02677756709401308
97.39999999999999	0.02680181479472436
97.3	0.026826116462239823
97.19999999999999	0.026850473238498512
97.1	0.026874884643879417
97.	0.026899350769649444
96.89999999999999	0.02692387228903668
96.8	0.026948449015024616
96.69999999999999	0.026973081108807504
96.6	0.02699776920654177
96.5	0.027022513368598167
96.39999999999999	0.02704731349662308
96.3	0.02707216983579058
96.19999999999999	0.027097083174370158
96.1	0.027122052960014794
96.	0.02714707961930795
95.89999999999999	0.027172163920479442
95.8	0.02719730520036065
95.69999999999999	0.027222504083346106
95.6	0.027247760914199178
95.5	0.02727307591201226
95.39999999999999	0.027298448989331776
95.3	0.027323880487280672
95.19999999999999	0.02734937062111819
95.1	0.027374919883239344
95.	0.027400528018714388
94.89999999999999	0.027426195492818897
94.8	0.027451922455282704
94.69999999999999	0.027477709109480632
94.6	0.027503556061321932
94.5	0.027529463221908107
94.39999999999999	0.02755543033235849
94.3	0.02758145846982757
94.19999999999999	0.027607547347012446
94.1	0.027633697546499494
94.	0.027659908910026836
93.89999999999999	0.027686181672142797
93.8	0.027712516458586824
93.69999999999999	0.02773891325420928
93.6	0.027765372232315982
93.5	0.027791893763022418
93.39999999999999	0.027818478037609555
93.3	0.027845125511151515
93.19999999999999	0.02787183590992989
93.1	0.027898609883563758
93.	0.027925447277663742
92.89999999999999	0.02795234934408669
92.8	0.0279793150588886
92.69999999999999	0.02800634508059615
92.6	0.028033439905232736
92.5	0.028060599446526557
92.39999999999999	0.028087824783962836
92.3	0.028115115058170277
92.19999999999999	0.028142471416413323
92.1	0.028169887614451248
92.	0.028197364633906295
91.89999999999999	0.0282249078262463
91.8	0.028252517342137892
91.69999999999999	0.028280193421916643
91.6	0.028307936493373174
91.5	0.028335747033261586
91.39999999999999	0.028363624638126535
91.3	0.028391569775184502
91.19999999999999	0.028419583534860134
91.1	0.028447664925605617
91.	0.02847581469259462
90.89999999999999	0.02850403344971945
90.8	0.028532321146129223
90.69999999999999	0.02856067822202692
90.6	0.028589104673559955
90.5	0.028617600967800888
90.39999999999999	0.028646167304815083
90.3	0.028674803911064795
90.19999999999999	0.028703511019356545
90.1	0.02873228936028561
90.	0.02876113889023555
89.89999999999999	0.02879005928138531
89.8	0.02881905229712962
89.69999999999999	0.02884811657792763
89.6	0.02887725351455932
89.5	0.02890646298367593
89.39999999999999	0.028935744998200445
89.3	0.028965100421447145
89.19999999999999	0.028994528993450727
89.1	0.029024031396154105
89.	0.029053607880740673
88.89999999999999	0.029083258831398482
88.8	0.02911298405232897
88.69999999999999	0.02914278461826705
88.6	0.029172660005578176
88.5	0.02920261073444436
88.39999999999999	0.02923263736450599
88.3	0.02926274024446535
88.19999999999999	0.029292919845105632
88.1	0.02932317540951505
88.	0.029353495439408173
87.89999999999999	0.029383891207439457
87.8	0.029414364150478815
87.69999999999999	0.02944491504054467
87.6	0.029475543788474178
87.5	0.029506250798103397
87.39999999999999	0.029535813542848594
87.3	0.029567901553687617
87.19999999999999	0.029598846560946412
87.1	0.029629870574841406
87.	0.029660974733608937
86.89999999999999	0.029692159353528293
86.8	0.029723424232807504
86.69999999999999	0.02975477062307484
86.6	0.029786197925252573
86.5	0.029817706846455214
86.39999999999999	0.029849297763294206
86.3	0.029880971100671897
86.19999999999999	0.029912727029435267
86.1	0.029944565747037293
86.	0.029976488353658404
85.89999999999999	0.03000849394914801
85.8	0.030040583674746178
85.69999999999999	0.030072758301446463
85.6	0.030105017310517
85.5	0.03013736139839899
85.39999999999999	0.03016979100069168
85.3	0.03020230620340797
85.19999999999999	0.030234907901583404
85.1	0.03026759579235359
85.	0.030300369943847088
84.89999999999999	0.03033323221331846
84.8	0.030366181670909306
84.69999999999999	0.030399219133678435
84.6	0.03043234504992211
84.5	0.03046555923548881
84.39999999999999	0.030498862722298875
84.3	0.030532255666303052
84.19999999999999	0.030565738483171172
84.1	0.030599311372646338
84.	0.030632974771176498
83.89999999999999	0.030666729432858555
83.8	0.030700575043533303
83.69999999999999	0.030734512574147745
83.6	0.030768542266686166
83.5	0.030802664518021175
83.39999999999999	0.030836879433293916
83.3	0.030871187672342842
83.19999999999999	0.030905589538723615
83.1	0.030940086002866636
83.	0.030974676789165396
82.89999999999999	0.031009362651807287
82.8	0.031044143150867256
82.69999999999999	0.03107901979810302
82.6	0.031113992901271724
82.5	0.03114906227756448
82.39999999999999	0.03118422864143239
82.3	0.03121949231818219
82.19999999999999	0.0312548540674749
82.1	0.03129031387340324
82.	0.03132587239694163
81.89999999999999	0.031361530419994815
81.8	0.03139728770694657
81.69999999999999	0.031433144883666615
81.6	0.03146910254444606
81.5	0.03150516115566801
81.39999999999999	0.03154132117327674
81.3	0.031577582626595414
81.19999999999999	0.031613946546347804
81.1	0.03165041317671202
81.	0.03168698271525856
80.89999999999999	0.031723656014004044
80.8	0.031760432948735956
80.69999999999999	0.03179731524678822
80.6	0.031834302220050965
80.5	0.03187139432292752
80.39999999999999	0.03190859244435422
80.3	0.03194589698182078
80.19999999999999	0.03198330836281754
80.1	0.03202082711686027
80.	0.03205845397179458
79.89999999999999	0.0320961885994211
79.8	0.0321340323471711
79.69999999999999	0.03217198534698687
79.6	0.032210048216876626
79.5	0.0322482214610088
79.39999999999999	0.03228650509578776
79.3	0.032324900391558734
79.19999999999999	0.03236340754960207
79.1	0.032402026670921374
79.	0.03244075896961044
78.89999999999999	0.03247960462443107
78.8	0.03251856374260017
78.69999999999999	0.03255763771716873
78.6	0.032596826245318254
78.5	0.03263613054837346
78.39999999999999	0.03267555112882895
78.3	0.03271508747724999
78.19999999999999	0.03275474160566195
78.1	0.0327945129743851
78.	0.03283440209769669
77.89999999999999	0.032874410779469156
77.8	0.032914538190782223
77.69999999999999	0.03295478550037183
77.6	0.03299515338166301
77.5	0.03303564155405432
77.39999999999999	0.03307625145990948
77.3	0.03311698365939289
77.19999999999999	0.03315783915694043
77.1	0.0331988167114282
77.	0.033239919177325376
76.89999999999999	0.03328114544463761
76.8	0.033322495956510996
76.69999999999999	0.03336397328888666
76.6	0.03340557662578963
76.5	0.03344730617013278
76.39999999999999	0.033489163379492135
76.3	0.03353114864547132
76.19999999999999	0.03357326327778603
76.1	0.033615505929216416
76.	0.03365787917187303
75.89999999999999	0.033700381684552416
75.8	0.03374301683644787
75.69999999999999	0.03378578298387247
75.6	0.03382868158391714
75.5	0.03387171330622116
75.39999999999999	0.033914877859989895
75.3	0.03395817759852263
75.19999999999999	0.03400161248786613
75.1	0.03404518196007782
75.	0.03408888831354389
74.89999999999999	0.03413273151657703
74.8	0.03417671177606286
74.69999999999999	0.03422083158031175
74.6	0.034265088974463564
74.5	0.034309486495950205
74.39999999999999	0.03435402427866959
74.3	0.03439870306635188
74.19999999999999	0.03444352374701423
74.1	0.034488485927831665
74.	0.03453359266947499
73.89999999999999	0.0345788419273869
73.8	0.03462423574588202
73.69999999999999	0.03466977481971812
73.6	0.03471545928036765
73.5	0.034761291775030595
73.39999999999999	0.034807270244163226
73.3	0.03485339789743967
73.19999999999999	0.034899673638453046
73.1	0.03494609827842491
73.	0.034992673514890896
72.89999999999999	0.03503940071143091
72.8	0.03508627872321133
72.69999999999999	0.03513330928124786
72.6	0.03518049276455941
72.5	0.03522783015255443
72.39999999999999	0.03527532239333244
72.3	0.0353229699860505
72.19999999999999	0.03537077300778244
72.1	0.035418733862041314
72.	0.03546685226439706
71.9	0.035515128800380776
71.79999999999998	0.03556356348557544
71.69999999999999	0.035612159108023594
71.6	0.035660914615071024
71.5	0.03570983116128011
71.4	0.03575891081112941
71.29999999999998	0.03580815162680269
71.19999999999999	0.03585755709179383
71.1	0.03590712622811018
71.	0.03595685984871014
70.9	0.03601047216691822
70.79999999999998	0.036056847773007154
70.69999999999999	0.03611070819214691
70.6	0.03616112469823857
70.5	0.03621165529476017
70.4	0.036258780296247795
70.29999999999998	0.03631313853280301
70.19999999999999	0.03636422016882778
70.1	0.0364154042304184
70.	0.03646674662878109
69.9	0.036524716274583306
69.79999999999998	0.036576523284266776
69.69999999999999	0.03662752785782086
69.6	0.03667159746143409
69.5	0.03672488731464744
69.4	0.03677729947766636
69.29999999999998	0.03683456299033738
69.19999999999999	0.03688585348902391
69.1	0.03693758070528458
69.	0.036991110680602714
68.9	0.037044679603543205
68.79999999999998	0.037098396679994164
68.69999999999999	0.037152278849450764
68.6	0.03720633992633464
68.5	0.037260587491569776
68.4	0.03731502312784795
68.29999999999998	0.03736965057374251
68.19999999999999	0.03742447224201684
68.1	0.03747943558885415
68.	0.037534224138976204
67.9	0.03758928544747988
67.79999999999998	0.03764463806433633
67.69999999999999	0.03770050405407198
67.6	0.037757458033499565
67.5	0.03781537862509559
67.4	0.03787156710601223
67.29999999999998	0.03792578125040676
67.19999999999999	0.03798257943465193
67.1	0.03804373415197939
67.	0.03810141463754126
66.9	0.038158821803415614
66.79999999999998	0.038216377185743645
66.69999999999999	0.03827379889949169
66.6	0.038328712810599005
66.5	0.038393570330555064
66.4	0.03844592610095805
66.29999999999998	0.03850288165265806
66.19999999999999	0.03856202719304063
66.1	0.038621365425978785
66.	0.03868091597930675
65.9	0.03874070897864396
65.79999999999998	0.0388007546880986
65.69999999999999	0.038861057415117875
65.6	0.038921642160055094
65.5	0.03898252366953382
65.4	0.0390437255670114
65.29999999999998	0.03910525638434541
65.19999999999999	0.03916716529237857
65.1	0.03922593116027059
65.	0.03928831070592269
64.9	0.039351081423536494
64.79999999999998	0.03941429238064036
64.69999999999999	0.03947801169643996
64.6	0.03954225418374301
64.5	0.039606702327798934
64.4	0.039671644044636814
64.29999999999998	0.03973717956767061
64.19999999999999	0.039792433266383646
64.1	0.039864850586926764
64.	0.039927978613699504
63.900000000000006	0.03997921937590485
63.79999999999998	0.04257635911197698
63.69999999999999	0.04716891663454338
63.599999999999994	0.05076212490872542
63.5	0.0544252240565885
63.400000000000006	0.058697830708252186
63.29999999999998	0.40220868898749457
63.19999999999999	0.40400289789089655
63.099999999999994	0.40577730904425613
63.	0.4075332247409672
62.900000000000006	0.40927138384311396
62.79999999999998	0.4109920940677374
62.69999999999999	0.41269573261615167
62.599999999999994	0.4143833293500125
62.5	0.41605500115672994
62.400000000000006	0.4177114719594835
62.29999999999998	0.41935289177496793
62.19999999999999	0.4209802356845427
62.099999999999994	0.4225932208998342
62.	0.4241930699474264
61.900000000000006	0.4257792636569175
61.79999999999998	0.42735293086567194
61.69999999999999	0.42891399707273836
61.599999999999994	0.43046282579304357
61.5	0.4319998398913087
61.400000000000006	0.43352528595325335
61.29999999999998	0.43503945741914996
61.19999999999999	0.43654264528222825
61.099999999999994	0.4380353570846229
61.	0.4395169839933784
60.900000000000006	0.44098898873240566
60.79999999999998	0.44245092848807366
60.69999999999999	0.4439030288344028
60.599999999999994	0.4453457675209298
60.5	0.4467788997487698
60.400000000000006	0.4482029894394547
60.29999999999998	0.4496182814985902
60.19999999999999	0.4510250824440463
60.099999999999994	0.4524229792328581
60.	0.45381250472664747
59.900000000000006	0.4551939926418653
59.79999999999998	0.45656744487427464
59.69999999999999	0.457933229158371
59.599999999999994	0.4592910088002556
59.5	0.46064158566735086
59.400000000000006	0.46198434172489083
59.29999999999998	0.463320139727191
59.19999999999999	0.46464885623280155
59.099999999999994	0.46597040064187734
59.	0.4672850363793363
58.900000000000006	0.468593118474827
58.79999999999998	0.46989456933662715
58.69999999999999	0.4711895030433841
58.599999999999994	0.472477891118528
58.5	0.4737601489351094
58.400000000000006	0.4750360926295777
58.29999999999998	0.47630612240914405
58.19999999999999	0.4775701594844721
58.099999999999994	0.4788284597154883
58.	0.4800808595315834
57.900000000000006	0.48132758518740404
57.79999999999998	0.4825688276737087
57.69999999999999	0.48380458661882325
57.599999999999994	0.4850349164287607
57.5	0.48625979940543623
57.400000000000006	0.48747968783041357
57.29999999999998	0.4886941675318786
57.19999999999999	0.48990383434468465
57.099999999999994	0.49110827436763926
57.	0.49230805500130576
56.900000000000006	0.4935027033541649
56.79999999999998	0.49469268356018165
56.69999999999999	0.4958782911157347
56.599999999999994	0.49705885042779563
56.5	0.4982349765214513
56.400000000000006	0.4994065695743088
56.29999999999998	0.5005737012637388
56.19999999999999	0.501736676024911
56.099999999999994	0.5028950291786528
56.	0.5040493455040886
55.900000000000006	0.5051992774174213
55.79999999999998	0.5063453005764738
55.69999999999999	0.5074869902271898
55.599999999999994	0.5086248081908404
55.5	0.5097584860798506
55.400000000000006	0.5108884320220725
55.29999999999998	0.5120143406883606
55.19999999999999	0.5131365620578147
55.099999999999994	0.5142549036205589
55.	0.5153697138962099
54.900000000000006	0.516480630120481
54.79999999999998	0.5175879715446808
54.69999999999999	0.5186917816499795
54.599999999999994	0.5197917666498374
54.5	0.5208885387757314
54.400000000000006	0.5219818190585503
54.29999999999998	0.5230715244490223
54.19999999999999	0.5241581516681011
54.099999999999994	0.5252412485552306
54.	0.5263210633032794
53.900000000000006	0.5273974488712557
53.79999999999998	0.5284708013544375
53.69999999999999	0.529540972631636
53.599999999999994	0.5306080212776535
53.5	0.5316719985427479
53.400000000000006	0.5327326373348003
53.29999999999998	0.5337903128581485
53.19999999999999	0.5348451041565216
53.099999999999994	0.535896957072772
53.	0.5369457741990002
52.900000000000006	0.5379918700811063
52.79999999999998	0.5390348382132909
52.69999999999999	0.5400750750845431
52.599999999999994	0.5411124658891838
52.5	0.5421471275881676
52.400000000000006	0.5431789922482665
52.29999999999998	0.5442081140108797
52.19999999999999	0.5452345582815986
52.099999999999994	0.5462583148501197
52.	0.5472795461254573
51.900000000000006	0.5482979829302465
51.79999999999998	0.5493138928512381
51.69999999999999	0.5503273153261414
51.599999999999994	0.5513382387100954
51.5	0.5523465319072506
51.400000000000006	0.5533523803556133
51.29999999999998	0.5543558210172115
51.19999999999999	0.5553567588211028
51.099999999999994	0.5563553847831316
51.	0.5573514118834155
50.900000000000006	0.5583452284087095
50.79999999999998	0.5593367800559238
50.69999999999999	0.5603259145944403
50.599999999999994	0.5613127735309872
50.5	0.5622973543800797
50.400000000000006	0.5632797346435626
50.29999999999998	0.5642597644284787
50.19999999999999	0.5652377212226761
50.099999999999994	0.5662134329396803
50.	0.5671869544644217
49.900000000000006	0.5681583839395581
49.79999999999998	0.5691276767787677
49.69999999999999	0.5700948415005797
49.599999999999994	0.5710598674296153
49.5	0.5720229546836526
49.400000000000006	0.5729838624828366
49.29999999999998	0.5739427481968774
49.19999999999999	0.5748996958710557
49.099999999999994	0.5758544947805518
49.	0.5768074760499753
48.900000000000006	0.5777585730705712
48.79999999999998	0.5787073945225183
48.69999999999999	0.5796546674073244
48.599999999999994	0.5805998348242561
48.5	0.5815430474490553
48.400000000000006	0.5824845488091108
48.29999999999998	0.5834241220943919
48.19999999999999	0.5843618690080148
48.099999999999994	0.5852977896863523
48.	0.5862317237202742
47.900000000000006	0.5871639261780529
47.79999999999998	0.5880946244130916
47.69999999999999	0.5890233135874847
47.599999999999994	0.5899502481463921
47.5	0.590875583587811
47.400000000000006	0.5917989126348078
47.29999999999998	0.5927207375113905
47.19999999999999	0.5936409421650604
47.099999999999994	0.5945593808358463
47.	0.5954761067617662
46.900000000000006	0.5963911836346827
46.79999999999998	0.597304563540597
46.69999999999999	0.5982163563078122
46.599999999999994	0.5991265817604975
46.5	0.6000351456786209
46.39999999999998	0.600942220970814
46.29999999999998	0.6018478155428173
46.19999999999999	0.6027515534230136
46.099999999999994	0.6036539918680578
46.	0.6045546837553087
45.89999999999998	0.6054541745023125
45.79999999999998	0.6063516668608774
45.69999999999999	0.6072479157030771
45.599999999999994	0.6081426576838607
45.5	0.6090359074858446
45.39999999999998	0.6099278427569161
45.29999999999998	0.6108180929809093
45.19999999999999	0.6117070642543629
45.099999999999994	0.6125943626368663
45.	0.613480565729166
44.89999999999998	0.614365066381988
44.79999999999998	0.6152482496546879
44.69999999999999	0.6161300132344166
44.599999999999994	0.6170105601710605
44.5	0.6178894431949176
44.39999999999998	0.6187671309915244
44.29999999999998	0.6196434018908814
44.19999999999999	0.6205185525542077
44.099999999999994	0.6213921563492646
44.	0.6222643581273688
43.89999999999998	0.6231354244720172
43.79999999999998	0.6240051057290299
43.69999999999999	0.6248735141772502
43.599999999999994	0.6257405149013452
43.5	0.6266063985713594
43.39999999999998	0.6274709368934979
43.29999999999998	0.6283342896674733
43.19999999999999	0.6291962933556505
43.099999999999994	0.6300570905682265
43.	0.63091666526709
42.89999999999998	0.6317750836132967
42.79999999999998	0.6326322216213665
42.69999999999999	0.6334880331688244
42.599999999999994	0.6343428034861113
42.5	0.6351961857858043
42.39999999999998	0.6360485474812306
42.29999999999998	0.6368998152058258
42.19999999999999	0.6377497859358666
42.099999999999994	0.6385986873625158
42.	0.639446333367436
41.89999999999998	0.640292857179698
41.79999999999998	0.6411382953573747
41.69999999999999	0.6419825561581851
41.599999999999994	0.6428256819841679
41.5	0.6436677480585463
41.39999999999998	0.644508682674523
41.29999999999998	0.6453485282349896
41.19999999999999	0.6461873195165191
41.099999999999994	0.6470250513989396
41.	0.6478614596790627
40.89999999999998	0.6486969789980662
40.79999999999998	0.6495315067630391
40.69999999999999	0.6503650509034651
40.599999999999994	0.6511971718090666
40.5	0.6520285286763523
40.39999999999998	0.6528587585055752
40.29999999999998	0.6536879586746742
40.19999999999999	0.6545162566158488
40.099999999999994	0.6553433685900646
40.	0.6561696169958934
39.89999999999998	0.6569947963687537
39.79999999999998	0.6578189324683018
39.69999999999999	0.6586421000316435
39.599999999999994	0.6594642995811043
39.5	0.6602855239513095
39.39999999999998	0.6611056501925842
39.29999999999998	0.6619250593402541
39.19999999999999	0.6627433851699333
39.099999999999994	0.6635607678074604
39.	0.6643770351776814
38.89999999999998	0.6651893552854431
38.79999999999998	0.6660039317451906
38.69999999999999	0.6668206237718376
38.599999999999994	0.6676333798512516
38.5	0.6684450139799324
38.39999999999998	0.6692559430891477
38.29999999999998	0.6700623070461479
38.19999999999999	0.670871306176943
38.099999999999994	0.67168285536422
38.	0.6724900449860918
37.89999999999998	0.6732926529828309
37.79999999999998	0.6740980928667769
37.69999999999999	0.6749025802337109
37.599999999999994	0.6757060992591986
37.5	0.6765088059328336
37.39999999999998	0.6773108406083636
37.29999999999998	0.6781119018495739
37.19999999999999	0.6789119246404741
37.099999999999994	0.6797111681047501
37.	0.6805096253996574
36.89999999999998	0.6813071427690295
36.79999999999998	0.682104053441148
36.69999999999999	0.6829001621351531
36.599999999999994	0.6836950449350092
36.5	0.6844894884709913
36.39999999999998	0.6852829805917596
36.29999999999998	0.686075534981946
36.19999999999999	0.6868673933796374
36.099999999999994	0.687663480718444
36.	0.6884487602623288
35.89999999999998	0.6892434092626657
35.79999999999998	0.6900268374240065
35.69999999999999	0.6908147958996638
35.599999999999994	0.6916073233070996
35.5	0.6923936594038814
35.39999999999998	0.6931792059746914
35.29999999999998	0.6939641131563236
35.19999999999999	0.694748147289529
35.099999999999994	0.6955315073475912
35.	0.6963140718557909
34.89999999999998	0.6970958884309781
34.79999999999998	0.6978768159639217
34.69999999999999	0.6986572420950657
34.599999999999994	0.6994367504383607
34.5	0.7002154819700394
34.39999999999998	0.7009936071668641
34.29999999999998	0.7017709537075085
34.19999999999999	0.7025474959582501
34.099999999999994	0.7033235255780984
34.	0.7040985879106268
33.89999999999998	0.7048729856337852
33.79999999999998	0.7056467585701304
33.69999999999999	0.7064197351711086
33.599999999999994	0.7071919671298005
33.5	0.7079636589475596
33.39999999999998	0.7087345231521505
33.29999999999998	0.7095045959799767
33.19999999999999	0.710274081496938
33.099999999999994	0.7110428470438541
33.	0.7118110088218772
32.89999999999998	0.7125783823803579
32.79999999999998	0.7133450516136051
32.69999999999999	0.7141111223901716
32.599999999999994	0.7148764640105675
32.5	0.7156410979797527
32.39999999999998	0.7164049205031784
32.29999999999998	0.7171683886249225
32.19999999999999	0.7179310477892533
32.099999999999994	0.7186930526663206
32.	0.7194544678567958
31.899999999999977	0.720214971223102
31.799999999999983	0.720975030914298
31.69999999999999	0.7217345130840872
31.599999999999994	0.7224929755161771
31.5	0.7232509431798894
31.399999999999977	0.7240084268107924
31.299999999999983	0.72476514856876
31.19999999999999	0.7255212074287369
31.099999999999994	0.7262766353406618
31.	0.7270314254908828
30.899999999999977	0.7277855366111006
30.799999999999983	0.7285389623286528
30.69999999999999	0.7292919485636413
30.599999999999994	0.7300440948246801
30.5	0.730795701638401
30.399999999999977	0.7315467192211367
30.299999999999983	0.7322972043448055
30.19999999999999	0.7330468199171566
30.099999999999994	0.7337958602415036
30.	0.7345442941849925
29.899999999999977	0.7352921021954891
29.799999999999983	0.7360394008360378
29.69999999999999	0.7367858911633505
29.599999999999994	0.7375318292644768
29.5	0.7382771467140146
29.399999999999977	0.7390219819250385
29.299999999999983	0.7397659804520356
29.19999999999999	0.7405095034163751
29.099999999999994	0.7412523867203699
29.	0.7419946437465637
28.899999999999977	0.7427362192549611
28.799999999999983	0.7434773134168382
28.69999999999999	0.7442177121966465
28.599999999999994	0.7449574825317866
28.5	0.745696745235723
28.399999999999977	0.7464352543364817
28.299999999999983	0.7471733227131404
28.19999999999999	0.7479105851422873
28.099999999999994	0.7486472073008142
28.	0.7493834842050131
27.899999999999977	0.7501190303152261
27.799999999999983	0.7508538598193739
27.69999999999999	0.7515881446571697
27.599999999999994	0.7523218794056935
27.5	0.7530549911190446
27.399999999999977	0.7537873304436399
27.299999999999983	0.7545192856706526
27.19999999999999	0.7552503209199535
27.099999999999994	0.7559810988437446
27.	0.7567018609043346
26.899999999999977	0.757431434487879
26.799999999999983	0.7581603550573778
26.69999999999999	0.758888507192823
26.599999999999994	0.759616204999448
26.5	0.760343184092565
26.399999999999977	0.761069702102332
26.299999999999983	0.7617954947397854
26.19999999999999	0.7625205954285535
26.099999999999994	0.7632451646701484
26.	0.763968837489908
25.899999999999977	0.7646922573637779
25.799999999999983	0.7654148752241676
25.69999999999999	0.76613680807477
25.599999999999994	0.7668581504582046
25.5	0.7675789679431383
25.399999999999977	0.7682990025666802
25.299999999999983	0.7690183818592612
25.19999999999999	0.7697371401640137
25.099999999999994	0.770455211800729
25.	0.7711726569673962
24.899999999999977	0.7718895439875029
24.799999999999983	0.7726055902936054
24.69999999999999	0.7733210344531716
24.599999999999994	0.7740358022159677
24.5	0.7747499233371185
24.399999999999977	0.775463288215158
24.299999999999983	0.7761761039605312
24.19999999999999	0.7768881779828349
24.099999999999994	0.7775994324002005
24.	0.7783101936090644
23.899999999999977	0.779020051029319
23.799999999999983	0.7797291592406208
23.69999999999999	0.7804377589834548
23.599999999999994	0.7811455431194289
23.5	0.7818525651846651
23.399999999999977	0.7825588712936966
23.299999999999983	0.7832643316513732
23.19999999999999	0.7839691390443486
23.099999999999994	0.7846732150650023
23.	0.7853764379011449
22.899999999999977	0.7860790267756151
22.799999999999983	0.7867805812567545
22.69999999999999	0.7874814882966684
22.599999999999994	0.7881815496212299
22.5	0.7888807611275017
22.399999999999977	0.7895792418323351
22.299999999999983	0.7902767956053944
22.19999999999999	0.7909735416245448
22.099999999999994	0.7916693597897319
22.	0.7923644565975058
21.899999999999977	0.7930584777967296
21.799999999999983	0.7937516981542546
21.69999999999999	0.7944439273721431
21.599999999999994	0.7951353464604753
21.5	0.7958257601100883
21.399999999999977	0.7965152375667852
21.299999999999983	0.797203692326827
21.19999999999999	0.797891132977364
21.099999999999994	0.7985777710275358
21.	0.7992631317777685
20.899999999999977	0.7999475732417565
20.799999999999983	0.8006309310583465
20.69999999999999	0.801313129439678
20.599999999999994	0.801994348005972
20.5	0.8026743812989107
20.399999999999977	0.8033531415657817
20.299999999999983	0.8040309114969145
20.19999999999999	0.804707330805463
20.099999999999994	0.8053826877840571
20.	0.8060568677226048
19.899999999999977	0.8067295444120938
19.799999999999983	0.8074011347531994
19.69999999999999	0.8080712009711204
19.599999999999994	0.8087399687121847
19.5	0.8094073053990023
19.399999999999977	0.8100732922076831
19.299999999999983	0.8107376920400617
19.19999999999999	0.811400757729038
19.099999999999994	0.8120621279164512
19.	0.8127220298105853
18.899999999999977	0.8133802100541403
18.799999999999983	0.8140367279587774
18.69999999999999	0.8146916041075278
18.599999999999994	0.8153447017409557
18.5	0.8159959493076119
18.399999999999977	0.8166453756229604
18.299999999999983	0.8172928981157548
18.19999999999999	0.8179383906380043
18.099999999999994	0.8185820066014119
18.	0.8192233943855178
17.899999999999977	0.8198625610847928
17.799999999999983	0.820499760687006
17.69999999999999	0.8211343881116271
17.599999999999994	0.821766729581302
17.5	0.8223965230354452
17.399999999999977	0.8230238212618491
17.299999999999983	0.8236486111452185
17.19999999999999	0.8242705972559646
17.099999999999994	0.8248897882498453
17.	0.8255059741247814
16.899999999999977	0.8261193042269329
16.799999999999983	0.8267292607043389
16.69999999999999	0.8273360770419373
16.599999999999994	0.8279396321915863
16.5	0.8285395184898057
16.399999999999977	0.8291356014357898
16.299999999999983	0.8297281166794205
16.19999999999999	0.8303166441830928
16.099999999999994	0.8309009370736964
16.	0.8314809392839534
15.899999999999977	0.8320563565212581
15.799999999999983	0.8326271124432513
15.699999999999989	0.8331928387078822
15.599999999999994	0.8337535075410196
15.5	0.8343085716896872
15.399999999999977	0.8348581919230749
15.299999999999983	0.8354017920803769
15.199999999999989	0.8359389577110039
15.099999999999994	0.8364696770590705
15.	0.8369933875989121
14.899999999999977	0.8375097807969927
14.799999999999983	0.8380184594798203
14.699999999999989	0.8385189904474243
14.599999999999994	0.8390108543347121
14.5	0.8394935350508674
14.399999999999977	0.8399666137458961
14.299999999999983	0.8404292831679783
14.199999999999989	0.8408809448658511
14.099999999999994	0.8413209349638178
14.	0.8417484218600905
13.899999999999977	0.8421625259747881
13.799999999999983	0.8425622087112971
13.699999999999989	0.8429465728769919
13.599999999999994	0.8433142048863718
13.5	0.8436640752059997
13.399999999999977	0.8439945416519135
13.299999999999983	0.8443039376793504
13.199999999999989	0.8445903576955721
13.099999999999994	0.8448518932092035
13.	0.8450861905036584
12.899999999999977	0.8452902434006089
12.799999999999983	0.8454610403021239
12.699999999999989	0.8455949375189602
12.599999999999994	0.8456875720207926
12.5	0.8457341131418483
12.399999999999977	0.8457285206156162
12.299999999999983	0.8456634072573692
12.199999999999989	0.8455303801498008
12.099999999999994	0.8453183084583813
12.	0.8450137679365506
11.899999999999977	0.8445994743930242
11.799999999999983	0.8440522459314133
11.699999999999989	0.8433416813906529
11.599999999999994	0.8424245535756464
11.5	0.8412372280965045
11.399999999999977	0.8396806104990515
11.299999999999983	0.8375843643527326
11.199999999999989	0.8346093218816769
11.099999999999994	0.8298705826595557
11.	0.81685021539704
10.899999999999977	0.6234264324205073
10.799999999999983	0.6287432802767521
10.699999999999989	0.6320827503248492
10.599999999999994	0.636167232411603
10.5	0.6396405463853866
10.399999999999977	0.6431151250838462
10.299999999999983	0.6468699554032507
10.199999999999989	0.6504938520673725
10.099999999999994	0.6546371543138506
10.	0.6587493320467771
9.899999999999977	0.6619468614052803
9.799999999999983	0.6654707282205397
9.699999999999989	0.6689237261021459
9.599999999999994	0.6726217265402444
9.5	0.6763030509950269
9.399999999999977	0.6800233433140168
9.299999999999983	0.6846907966931544
9.199999999999989	0.6873603236970838
9.099999999999994	0.6909492355401099
9.	0.6947654420748935
8.899999999999977	0.6988344966857984
8.799999999999983	0.7020685776514902
8.699999999999989	0.7061246874448553
8.599999999999994	0.7092413050601083
8.5	0.7129193351330899
8.399999999999977	0.7173512476408469
8.299999999999983	0.7201587557691849
8.199999999999989	0.723604353957646
8.099999999999994	0.7274436155939177
8.	0.7313577244164268
7.899999999999977	0.7346906791350684
7.799999999999983	0.7381362930600806
7.699999999999989	0.7416506420831255
7.599999999999994	0.7453177616829962
7.5	0.7496069263928415
7.399999999999977	0.7524216182992866
7.299999999999983	0.7559343894330652
7.199999999999989	0.7595409484247464
7.099999999999994	0.7629916097596708
7.	0.7666471863855893
6.899999999999977	0.7708391707141529
6.799999999999983	0.7737289830606735
6.699999999999989	0.7777482275393645
6.599999999999994	0.7813853544990277
6.5	0.7842836599295855
6.399999999999977	0.7882208782685406
6.299999999999983	0.791481794305014
6.199999999999989	0.7947645090979025
6.099999999999994	0.7987692163142869
6.	0.8021129005010038
5.899999999999977	0.8049762830960174
5.799999999999983	0.8087178416609032
5.699999999999989	0.8124194768802544
5.599999999999994	0.8157319404433869
5.5	0.8195011000698558
5.399999999999977	0.8225515989484083
5.299999999999983	0.8261259829302555
5.199999999999989	0.8294366829038075
5.099999999999994	0.8329666532019443
5.	0.8364341424686315
4.899999999999977	0.8395910222999793
4.799999999999983	0.8436148355075596
4.699999999999989	0.8465050475709205
4.599999999999994	0.8501506277881982
4.5	0.8533279695284122
4.399999999999977	0.8567920204441662
4.299999999999983	0.8603535178105705
4.199999999999989	0.864047535908944
4.099999999999994	0.8673258468145213
4.	0.8702659063191291
3.8999999999999773	0.8739110452555804
3.799999999999983	0.8765850331083784
3.6999999999999886	0.8803406924331896
3.5999999999999943	0.8835272250797557
3.5	0.8873495015135896
3.3999999999999773	0.8903812079155988
3.299999999999983	0.8938305845800021
3.1999999999999886	0.896801429257243
3.0999999999999943	0.900262028728114
3.	0.9037718850749766
2.8999999999999773	0.9068847619492625
2.799999999999983	0.9104199908465149
2.6999999999999886	0.9133662360876678
2.5999999999999943	0.9168359171048719
2.5	0.9201541105803173
2.3999999999999773	0.9233748207805413
2.299999999999983	0.9265063668700795
2.1999999999999886	0.9298791322449971
2.0999999999999943	0.9331155713040491
2.	0.9363752317929328
1.8999999999999773	0.9396293728523168
1.799999999999983	0.942885509583358
1.6999999999999886	0.9461287223379711
1.5999999999999943	0.9493404498916783
1.5	0.9525461914106569
1.3999999999999773	0.9557465014078274
1.299999999999983	0.9596933003904488
1.1999999999999886	0.962789918664002
1.0999999999999943	0.9661239794496241
1.	0.969404098113415