1.	0.9757231614103543
1.1	0.9737030777786606
1.2	0.970867290054917
1.3	0.9682002356684367
1.4	0.9657775081300383
1.5	0.9631568092421628
1.6	0.9604570343352777
1.7000000000000002	0.957890725248428
1.8	0.9555888296388492
1.9	0.9529455710477047
2.	0.9503142933094928
2.1	0.9476462635443139
2.2	0.9450817961787642
2.3	0.9426261044557837
2.4000000000000004	0.940065102089386
2.5	0.9375263522516696
2.6	0.9352096797307929
2.7	0.9328242156478521
2.8	0.9301912556663374
2.9000000000000004	0.9271229902865169
3.	0.9248509026133132
3.1	0.9222330512575472
3.2	0.9193735589750868
3.3000000000000003	0.9174081642749257
3.4000000000000004	0.9147483385114161
3.5	0.9117295549023268
3.6	0.9091196385966669
3.7	0.9066282930664566
3.8000000000000003	0.9040711767011966
3.9000000000000004	0.9018767993368366
4.	0.8986885228763711
4.1	0.896017978576155
4.2	0.8935178360828837
4.300000000000001	0.8908270253234438
4.4	0.8883306246563757
4.5	0.8856432854729426
4.6	0.8831190234232712
4.7	0.8804608580999582
4.800000000000001	0.8778971350999545
4.9	0.8752722447706991
5.	0.872679744973048
5.1000000000000005	0.8700743335792525
5.2	0.867473628334074
5.3	0.8648774549596356
5.4	0.8622965165690698
5.5	0.8596977155967255
5.6000000000000005	0.85706021509314
5.7	0.8544711485280904
5.800000000000001	0.8518132199433726
5.9	0.8492444702282591
6.	0.8465132508046915
6.1000000000000005	0.8440307217145527
6.2	0.8414877006183608
6.300000000000001	0.8385710088530051
6.4	0.8361288983649172
6.5	0.8338616417889377
6.6000000000000005	0.8310795606982145
6.7	0.8281244235956161
6.800000000000001	0.8256466333423779
6.9	0.8229859003186838
7.	0.8204852870277977
7.1000000000000005	0.8176917008585307
7.2	0.8153845870478386
7.300000000000001	0.8123128667176539
7.4	0.8097749118214951
7.5	0.8073923331058193
7.6000000000000005	0.804176959190463
7.7	0.8019146467835997
7.800000000000001	0.7991915990932135
7.9	0.7968029927846257
8.	0.7935928018033437
8.100000000000001	0.791336171567002
8.2	0.7882768213757632
8.3	0.7860403283077159
8.4	0.783554519067051
8.5	0.7802711975574292
8.600000000000001	0.7780803249176765
8.7	0.7755268843295208
8.8	0.7725131068356902
8.9	0.7699655430910836
9.	0.7677150791408752
9.1	0.7648761024057321
9.200000000000001	0.7618775903572701
9.3	0.7590564431443919
9.4	0.7568280232275999
9.5	0.7540941962803378
9.6	0.7516717911236757
9.700000000000001	0.7485169254230661
9.8	0.7457050613038263
9.9	0.7434699158964775
10.	0.7407348234944315
10.1	0.7383718482400342
10.200000000000001	0.7355375132083845
10.3	0.7324112936111775
10.4	0.72980025650603
10.5	0.7272056175538418
10.600000000000001	0.7244612906168643
10.700000000000001	0.7218466476192834
10.8	0.7191082364147526
10.9	0.7164845286465372
11.	0.7137527425114253
11.100000000000001	0.7111199501557139
11.200000000000001	0.7083951221178456
11.3	0.7057533097249837
11.4	0.7030355357540337
11.5	0.7003853607992389
11.600000000000001	0.6976737648701967
11.700000000000001	0.6950164117404811
11.8	0.6923105500837488
11.9	0.6896467584636202
12.	0.6869460039409733
12.100000000000001	0.6842770328629344
12.200000000000001	0.6815802810843312
12.3	0.6789072196693137
12.4	0.676214201907344
12.5	0.6735381343683122
12.600000000000001	0.6708478148761938
12.700000000000001	0.6681699243822002
12.8	0.6654820336982535
12.9	0.6628027192898138
13.	0.6601169738389833
13.100000000000001	0.6574372134535797
13.200000000000001	0.6547535483603034
13.3	0.6520739860656503
13.4	0.6493920576349871
13.5	0.6467131862480548
13.600000000000001	0.6440331804321116
13.700000000000001	0.641355526610085
13.8	0.6386775116307046
13.9	0.6360014151995198
14.	0.6333257072972783
14.100000000000001	0.6306521177396676
14.200000000000001	0.627967161661382
14.3	0.6253154792571248
14.4	0.622501283221024
14.5	0.6199547649502862
14.600000000000001	0.617206669717281
14.700000000000001	0.6146219605124931
14.8	0.6117847978060956
14.9	0.6092819247531736
15.	0.6064381281192531
15.100000000000001	0.6039629925480116
15.200000000000001	0.6009943062893407
15.3	0.5986720440539725
15.4	0.5956537146978349
15.5	0.5933835071431782
15.600000000000001	0.5904471113160839
15.700000000000001	0.5880953936816858
15.8	0.5850909827940967
15.9	0.5828475376232527
16.	0.5809801609557183
16.1	0.577827167877498
16.200000000000003	0.5759088494282163
16.3	0.5719891940433742
16.4	0.5696403923875814
16.5	0.5680743200639037
16.6	0.5644365022554543
16.700000000000003	0.5620684338740366
16.8	0.5590408709445522
16.9	0.5565223099151504
17.	0.5546943891254745
17.1	0.551434271715406
17.2	0.5491111714836581
17.3	0.5461544183488953
17.400000000000002	0.5445640765356966
17.5	0.5411183962475133
17.6	0.5399951847438715
17.7	0.5372690013264007
17.8	0.5937239816372614
17.900000000000002	0.6316905410721146
18.	0.6504775199743945
18.1	0.6628729240222114
18.2	0.6719897697240793
18.3	0.6791008152627316
18.400000000000002	0.6848576299654564
18.5	0.6896389050877273
18.6	0.6936838854651093
18.7	0.6971545355476291
18.8	0.7001642658775915
18.900000000000002	0.7027962558894127
19.	0.7051136532715262
19.1	0.7071657929943205
19.2	0.7089888588253032
19.3	0.7106147141501081
19.400000000000002	0.7120681965187479
19.5	0.7133699743397108
19.6	0.7145373371081739
19.7	0.71558467541125
19.8	0.7165241224095797
19.900000000000002	0.717366721745433
20.	0.7181208660246491
20.1	0.7187951049739053
20.200000000000003	0.7193960906732558
20.3	0.7199299000932052
20.400000000000002	0.7204020157083793
20.5	0.7208171552724161
20.6	0.7211796688314116
20.700000000000003	0.7214933145745168
20.8	0.7217614481109665
20.900000000000002	0.7219872438517055
21.	0.7221734644101799
21.1	0.72232272302286
21.200000000000003	0.7224373452531753
21.3	0.7225192603451939
21.400000000000002	0.7225706137100871
21.5	0.7225930251688379
21.6	0.7225882745502301
21.700000000000003	0.7225576984249593
21.8	0.7225026998360718
21.900000000000002	0.722424694251823
22.	0.7223247297823304
22.1	0.7222039138356527
22.200000000000003	0.7220634171798993
22.3	0.7219040528443463
22.400000000000002	0.7217265675083344
22.5	0.721532094422846
22.6	0.7213213859745754
22.700000000000003	0.7210949061777727
22.8	0.7208535302651837
22.900000000000002	0.7205978283368886
23.	0.720328399873371
23.1	0.7200459431898362
23.200000000000003	0.719750777458421
23.3	0.719443538284609
23.400000000000002	0.7191247590903931
23.5	0.7187946583986441
23.6	0.7184537591642333
23.700000000000003	0.7181026856205878
23.8	0.7177414439110065
23.900000000000002	0.7173708423416559
24.	0.7169906643685626
24.1	0.7166017036697842
24.200000000000003	0.7162039700753295
24.3	0.7157979297546473
24.400000000000002	0.7153837328098176
24.5	0.7149619529115147
24.6	0.7145323700261128
24.700000000000003	0.714095437227106
24.8	0.7136514817546156
24.900000000000002	0.7132007654870127
25.	0.71274320643839
25.1	0.7122793348611467
25.200000000000003	0.7118091315054572
25.3	0.7113327879232605
25.400000000000002	0.7108505144900668
25.5	0.7103625805987654
25.6	0.7098689706207372
25.700000000000003	0.7093698814107059
25.8	0.7088656552015637
25.900000000000002	0.7083561835063202
26.	0.7078417081817706
26.1	0.7073223583859717
26.200000000000003	0.706798276678863
26.3	0.7062695825141557
26.400000000000002	0.7057363676400364
26.5	0.7051985565531288
26.6	0.7046565780560371
26.700000000000003	0.7041105107869584
26.8	0.7035602784912222
26.900000000000002	0.7030060607527802
27.	0.7024478524738598
27.1	0.7018859343850501
27.200000000000003	0.7013202810394777
27.3	0.7007508920585226
27.400000000000002	0.7001779299630335
27.5	0.6996015359374912
27.6	0.6990216991867315
27.700000000000003	0.6984385306945355
27.8	0.6978520457879609
27.900000000000002	0.6972624468615131
28.	0.6966697089886613
28.1	0.6960737623937235
28.200000000000003	0.6954748176184159
28.3	0.6948729909737379
28.400000000000002	0.6942681623229258
28.5	0.6936605767689944
28.6	0.6930501459458633
28.700000000000003	0.6924369242830192
28.8	0.6918211378653804
28.900000000000002	0.6912026305727301
29.	0.6905815388138627
29.1	0.6899578708492434
29.200000000000003	0.6893316556726551
29.3	0.6887029132187666
29.400000000000002	0.6880719264120481
29.5	0.6874385271409497
29.6	0.6868026422145465
29.700000000000003	0.68616461412288
29.8	0.6855242170646356
29.900000000000002	0.6848816039212476
30.	0.6842368175876632
30.1	0.6835896605390187
30.200000000000003	0.6829405351767653
30.3	0.6822892969361792
30.400000000000002	0.6816359215249673
30.5	0.6809804212230913
30.6	0.6803230891117865
30.700000000000003	0.6796636427051783
30.8	0.6790023269684226
30.900000000000002	0.6783390074901271
31.	0.6776738479115048
31.1	0.6770067227184984
31.200000000000003	0.6763376830643242
31.3	0.6756669581424484
31.400000000000002	0.6749943059335122
31.5	0.6743198460938977
31.6	0.6736435611593825
31.700000000000003	0.6729657562388148
31.8	0.6722859724766771
31.900000000000002	0.6716045763928745
32.	0.6709215186999429
32.1	0.6702367277058296
32.2	0.6695501618805269
32.3	0.6688621815668241
32.400000000000006	0.6681723994567216
32.5	0.6674811703398168
32.6	0.6667882493958345
32.7	0.6660936582368466
32.8	0.6653976995106463
32.900000000000006	0.664700106939876
33.	0.6640010367567486
33.1	0.663300172807675
33.2	0.662598196583856
33.300000000000004	0.6618945515323256
33.4	0.6611894480166282
33.5	0.6604828682884977
33.6	0.6597749365524975
33.7	0.6590652943206381
33.800000000000004	0.6583543992355937
33.9	0.6576421310737716
34.	0.6569283633139247
34.1	0.6562132384083418
34.2	0.655496637819994
34.300000000000004	0.6547787760520853
34.4	0.6540595203061305
34.5	0.6533389033836027
34.6	0.6526168622348939
34.7	0.6518934897466675
34.800000000000004	0.6511687931821185
34.9	0.6504428563293585
35.	0.6497155592662527
35.1	0.6489868418344611
35.2	0.6482570443907407
35.300000000000004	0.6475257687486567
35.4	0.6467932555929404
35.5	0.6460594889634137
35.6	0.6453243051513379
35.7	0.6445880211513718
35.800000000000004	0.6438504799147078
35.9	0.6431115742306018
36.	0.6423714428563216
36.1	0.6416301434922569
36.2	0.6408874892477648
36.300000000000004	0.6401436511324279
36.4	0.6393985198869683
36.5	0.6386522129166493
36.6	0.6379046668089395
36.7	0.6371559893341918
36.800000000000004	0.6364058317366812
36.9	0.6356548523901823
37.	0.6349024599764074
37.1	0.6341488989518157
37.2	0.6333940999535187
37.300000000000004	0.632638029118824
37.4	0.6318808972269576
37.5	0.6311226237044361
37.6	0.6303629732140392
37.7	0.6296023507949435
37.800000000000004	0.6288403841954862
37.9	0.6280772691032125
38.	0.6273129169663673
38.1	0.6265475933668275
38.2	0.6257808943790205
38.300000000000004	0.6250131104274839
38.4	0.6242440527695294
38.5	0.623474045209908
38.6	0.6227027701533809
38.7	0.6219303056172455
38.800000000000004	0.6211566318803058
38.9	0.6203818668431061
39.	0.6196059361362523
39.1	0.6188287995978113
39.2	0.6180504981334075
39.300000000000004	0.6172711380873611
39.400000000000006	0.6164904294112609
39.5	0.6157087900030599
39.6	0.6149257782941998
39.7	0.6141418016672138
39.800000000000004	0.613356570698988
39.900000000000006	0.612570212580245
40.	0.6117826270895708
40.1	0.6109938759582881
40.2	0.6102040062167119
40.300000000000004	0.6094129666826937
40.400000000000006	0.6086208661044412
40.5	0.6078273932441934
40.6	0.607033057219748
40.7	0.6062373194289002
40.800000000000004	0.6054404634307393
40.900000000000006	0.6046424688636148
41.	0.60384324459192
41.1	0.6030430692260726
41.2	0.6022414670809436
41.300000000000004	0.6014388528628101
41.400000000000006	0.6006349707001322
41.5	0.5998300002527093
41.6	0.5990237857825329
41.7	0.5982163891566558
41.800000000000004	0.5974078691663107
41.900000000000006	0.5965981422138232
42.	0.5957872167405985
42.1	0.5949752910232914
42.2	0.5941618904807303
42.300000000000004	0.593347450567562
42.400000000000006	0.5925318022972081
42.5	0.591714921162515
42.6	0.5908969388838061
42.7	0.5900775471627994
42.800000000000004	0.5892572109185518
42.900000000000006	0.5884354508730086
43.	0.5876126181652084
43.1	0.5867885903840272
43.2	0.5859632572119131
43.300000000000004	0.585136692002303
43.400000000000006	0.5843088923458954
43.5	0.5834800052924358
43.6	0.5826497519768145
43.7	0.581818225108523
43.800000000000004	0.5809855371665497
43.900000000000006	0.5801517442987203
44.	0.5793165531450077
44.1	0.5784799807159714
44.2	0.577642446109454
44.300000000000004	0.5768034529434062
44.400000000000006	0.5759632529294274
44.5	0.5751219402219419
44.6	0.5742791892674617
44.7	0.5734352324486276
44.800000000000004	0.5725899465289874
44.900000000000006	0.5717434298346723
45.	0.570895426721861
45.1	0.5700462831724156
45.2	0.5691959539321081
45.300000000000004	0.5683442785902727
45.400000000000006	0.5674911114468368
45.5	0.566636806053784
45.6	0.5657811934708398
45.7	0.5649240681540236
45.800000000000004	0.5640657309140849
45.900000000000006	0.5632062244304545
46.	0.5623450678134826
46.1	0.5614826813483781
46.2	0.5606189752275353
46.300000000000004	0.559753884240028
46.400000000000006	0.5588875831059658
46.5	0.558019662300215
46.6	0.5571504239296453
46.7	0.5562799655733848
46.800000000000004	0.5554080449655198
46.900000000000006	0.5545345850794337
47.	0.5536598237200487
47.1	0.5527836853276845
47.2	0.5519059610421654
47.300000000000004	0.5510270244979076
47.400000000000006	0.5501466412378716
47.5	0.5492647232757204
47.6	0.5483813337664768
47.7	0.5474965581489778
47.800000000000004	0.5466102692213869
47.900000000000006	0.545722630756284
48.	0.5448334011171003
48.1	0.5439426810254148
48.2	0.5430506385795271
48.300000000000004	0.5421568632217881
48.400000000000006	0.5412617033595303
48.5	0.5403650906540618
48.6	0.5394668028784182
48.7	0.5385670700490689
48.800000000000004	0.537665781152483
48.900000000000006	0.5367629602292079
49.	0.5358585652810776
49.1	0.5349525061182556
49.2	0.5340450140728366
49.300000000000004	0.5331359209418326
49.400000000000006	0.5322251732104933
49.5	0.5313128720092228
49.6	0.53039888901992
49.7	0.5294833184585733
49.800000000000004	0.5285662100591689
49.900000000000006	0.5276472883294178
50.	0.5267268721332835
50.1	0.5258045689918229
50.2	0.5248807746603472
50.300000000000004	0.5239552490436065
50.400000000000006	0.5230281060024929
50.5	0.52209918257913
50.6	0.5211684929914582
50.7	0.5202362147259717
50.800000000000004	0.5193020372097432
50.900000000000006	0.5183662630787625
51.	0.517428732512693
51.1	0.5164892779424739
51.2	0.515548053472708
51.300000000000004	0.5146051548343458
51.400000000000006	0.5136603696660277
51.5	0.5127136639920366
51.6	0.5117653603958822
51.7	0.5108151332886417
51.800000000000004	0.5098629419177845
51.900000000000006	0.5089089245988071
52.	0.507953180237779
52.1	0.5069953686067477
52.2	0.5060355701941551
52.300000000000004	0.5050739901993484
52.400000000000006	0.5041104402114182
52.5	0.5031450525240435
52.6	0.5021774627069133
52.7	0.5012081466508822
52.800000000000004	0.5002367165941827
52.900000000000006	0.49926331010195324
53.	0.498287712036933
53.1	0.4973102172839377
53.2	0.4963306713222269
53.300000000000004	0.4953490627540668
53.400000000000006	0.49436533551840695
53.5	0.49337961597225893
53.6	0.49239169987774356
53.7	0.4914016273845566
53.800000000000004	0.49040941008763494
53.900000000000006	0.4894149612072726
54.	0.48841847291850266
54.1	0.48741969612393177
54.2	0.48641880640805496
54.300000000000004	0.48541559124672
54.400000000000006	0.48441014838480745
54.5	0.48340234172648683
54.6	0.4823923370689234
54.7	0.48137998310588753
54.800000000000004	0.4803653640016272
54.900000000000006	0.4793484004250267
55.	0.4783289971895884
55.1	0.4773073160196423
55.2	0.47628313064625416
55.300000000000004	0.4752565506785682
55.400000000000006	0.47422760770245687
55.5	0.4731960123307474
55.6	0.4721621270450287
55.7	0.4711255613322189
55.800000000000004	0.470086525401102
55.900000000000006	0.4690450238561281
56.	0.4680008584401922
56.1	0.4669540584773496
56.2	0.4659048095877533
56.300000000000004	0.4648527469813066
56.400000000000006	0.46379802873877785
56.5	0.46274066503048256
56.6	0.46168054478471415
56.7	0.46061778118999785
56.800000000000004	0.45955219037858697
56.900000000000006	0.4584837608814992
57.	0.45741259703818693
57.1	0.4563385836088124
57.2	0.4552615434822953
57.300000000000004	0.45418177799260484
57.400000000000006	0.45309908078259586
57.5	0.45201326060726826
57.6	0.45092466284340693
57.7	0.4498329300400734
57.800000000000004	0.44873829676383703
57.900000000000006	0.4476402759574364
58.	0.44653943014737196
58.1	0.4454353528669697
58.2	0.4443281739423195
58.300000000000004	0.4432177464958831
58.400000000000006	0.44210407679345487
58.5	0.440987224891291
58.6	0.43986708358352256
58.7	0.4387434366916837
58.800000000000004	0.43761663292328934
58.900000000000006	0.4364863623734018
59.	0.4353525260203859
59.1	0.43421536451881443
59.2	0.4330747233281263
59.300000000000004	0.4319304114201346
59.400000000000006	0.43078258615078213
59.5	0.4296310557530496
59.6	0.42847585934597826
59.7	0.4273170225434381
59.800000000000004	0.4261544809890806
59.900000000000006	0.4249882290907066
60.	0.42381812725719625
60.1	0.42264403567584546
60.2	0.4214659478031431
60.300000000000004	0.42028402974274776
60.400000000000006	0.41909804545638674
60.5	0.4179080750228199
60.6	0.4167140706160211
60.7	0.4155156818311288
60.800000000000004	0.4143132617278807
60.900000000000006	0.41310660822329676
61.	0.41189567712127156
61.1	0.410680290247696
61.2	0.4094607126325017
61.300000000000004	0.4082363350036174
61.400000000000006	0.4070076937849825
61.5	0.4057742979217542
61.6	0.40453648399511694
61.7	0.4032939156447045
61.800000000000004	0.40204655553361374
61.900000000000006	0.40079435036910976
62.	0.39953742198655556
62.1	0.3982754311607419
62.2	0.39700857374206583
62.300000000000004	0.39573634157169013
62.400000000000006	0.3944592875672267
62.5	0.3931769971896682
62.6	0.39188951316846066
62.7	0.3905964875071982
62.800000000000004	0.3892982503203085
62.900000000000006	0.38799436172731244
63.	0.38668499980613563
63.1	0.3853699446789922
63.2	0.3840492267921737
63.300000000000004	0.3827226494105113
63.400000000000006	0.3813902692633267
63.5	0.3800517805960628
63.6	0.3787074134441033
63.7	0.3773568684847939
63.800000000000004	0.3759999487898964
63.900000000000006	0.3746368294430944
64.	0.3732672634236926
64.1	0.3718910818708198
64.2	0.3705084429676071
64.30000000000001	0.3691189355854263
64.4	0.36772263254920834
64.5	0.3663193714868076
64.6	0.36490916550454155
64.7	0.3634915784936912
64.80000000000001	0.3620670061032406
64.9	0.36063503805305214
65.	0.35919536374700317
65.10000000000001	0.3577481159599033
65.2	0.35629320466190434
65.3	0.35483015158633036
65.4	0.353359413609898
65.5	0.351880269522442
65.60000000000001	0.3503929093314211
65.7	0.34889721104576576
65.8	0.3473928142861234
65.9	0.345879669058572
66.	0.3443575149343626
66.10000000000001	0.3428264828332816
66.2	0.34128609036229823
66.3	0.33973640658197846
66.4	0.33817706086596694
66.5	0.33660801127952666
66.60000000000001	0.33502905761758844
66.7	0.3334399591538282
66.8	0.33184047150090173
66.9	0.330230681160086
67.	0.3286100452571221
67.10000000000001	0.32697848185583633
67.2	0.32533594840517027
67.3	0.32368177340608456
67.4	0.3220160297315312
67.5	0.32033865566548186
67.60000000000001	0.31864903071730566
67.7	0.31694701464137365
67.8	0.3152326508215546
67.9	0.31350539528014426
68.	0.31176485155446926
68.10000000000001	0.31001101233696693
68.2	0.3082433543292899
68.3	0.30646186968416256
68.4	0.3046661099554227
68.5	0.3028556392429415
68.60000000000001	0.30103013009294277
68.7	0.29918963993957864
68.8	0.297333194515794
68.9	0.29546082697725534
69.	0.29357232365717023
69.10000000000001	0.2916668351890514
69.2	0.28974430732447515
69.3	0.28780431199023065
69.4	0.2858463916600181
69.5	0.28387001372629067
69.60000000000001	0.2818748588234422
69.7	0.2798606569100905
69.8	0.277826564767224
69.9	0.27577234849703675
70.	0.27369751393064096
70.10000000000001	0.2716016073573561
70.2	0.26948387444371924
70.3	0.26734399291237665
70.4	0.26518157868242287
70.5	0.26299595402073034
70.60000000000001	0.2607864358851214
70.7	0.25855277425405077
70.8	0.256294061974567
70.9	0.2540099606133982
71.	0.2516999981236727
71.10000000000001	0.249363500852712
71.2	0.24699997909879512
71.3	0.2446089004572999
71.4	0.24218965075539717
71.5	0.23974181379580384
71.60000000000001	0.2372649494447672
71.7	0.23475834878308097
71.8	0.23222207168221026
71.9	0.22965539166144686
72.	0.22705844420678273
72.10000000000001	0.22443064901824597
72.2	0.22177194779608447
72.3	0.21908263477713014
72.4	0.21636243231753402
72.5	0.2136116653705638
72.60000000000001	0.2108309654332516
72.7	0.20802075924626423
72.8	0.205181887814751
72.9	0.2023154857955887
73.	0.19942242409142577
73.10000000000001	0.19650451326068988
73.2	0.19356367670845007
73.3	0.19060132813023803
73.4	0.18762065768768169
73.5	0.18462374298535503
73.60000000000001	0.18161377867810674
73.7	0.17859394272734844
73.8	0.17556753177128417
73.9	0.17253862256980262
74.	0.16951084426820803
74.10000000000001	0.16648826879489934
74.2	0.16347510425022818
74.3	0.1604749942710961
74.4	0.15749230888145457
74.5	0.15453080870108143
74.60000000000001	0.1515940407434788
74.7	0.14868531921091044
74.8	0.14580783610088255
74.9	0.14296391410343587
75.	0.14015581712619093
75.10000000000001	0.1373851382007207
75.2	0.1346533471137516
75.3	0.13196086034264556
75.4	0.1293080819207478
75.5	0.1266945752808667
75.60000000000001	0.1241195738847291
75.7	0.12158178673836179
75.8	0.1190794504308253
75.9	0.11661009219852962
76.	0.11417084197909778
76.10000000000001	0.11175827075178793
76.2	0.10936791102788548
76.3	0.1069949298011562
76.4	0.10463289764626803
76.5	0.10227426819082133
76.60000000000001	0.09990937526141634
76.7	0.0975257891157042
76.8	0.0951067511401526
76.9	0.09262867962562601
77.	0.09005509571783116
77.10000000000001	0.0873246912565875
77.2	0.08431746370380452
77.3	0.0807122544212111
77.4	0.07370704388628994
77.5	0.0736418399387465
77.60000000000001	0.07351736150354532
77.7	0.07346767666746186
77.80000000000001	0.07334485553064561
77.9	0.07322925874587302
78.	0.07314931558352211
78.10000000000001	0.07304973267757438
78.2	0.07295315439560968
78.30000000000001	0.07286799633582562
78.4	0.0727730243037386
78.5	0.07267750359007295
78.60000000000001	0.0725762498832541
78.7	0.07246676932959949
78.80000000000001	0.0723709040197632
78.9	0.0722579979557037
79.	0.07216559198940393
79.10000000000001	0.07207048344655055
79.2	0.07198986971691425
79.30000000000001	0.0719072312271301
79.4	0.07178337885213149
79.5	0.07169843513199617
79.60000000000001	0.07160847473674532
79.7	0.07151590413627562
79.80000000000001	0.07142370256722383
79.9	0.07133188599849923
80.	0.07123779087601459
80.10000000000001	0.07114402194729363
80.2	0.071050646081049
80.30000000000001	0.07095762303577041
80.4	0.07086495584203156
80.5	0.07077268034885378
80.60000000000001	0.07068078373310999
80.7	0.07058922374893906
80.80000000000001	0.07049565534613757
80.9	0.07041572114681853
81.	0.07032359207540587
81.10000000000001	0.07023293591043937
81.2	0.07014430025320885
81.30000000000001	0.0700592569113642
81.4	0.06996875354204637
81.5	0.06987300931828766
81.60000000000001	0.06978417969748298
81.7	0.0696960852927265
81.80000000000001	0.0696089450385907
81.9	0.06955398373780435
82.	0.06945147521539609
82.10000000000001	0.06936470734022314
82.2	0.06927720839059426
82.30000000000001	0.06919005684379599
82.4	0.06910319491823165
82.5	0.06901660526035341
82.60000000000001	0.06893029196210247
82.7	0.06884425736606826
82.80000000000001	0.06875849479033457
82.9	0.0686730097791523
83.	0.06858778874095413
83.10000000000001	0.06850283784925694
83.2	0.0684181534803639
83.30000000000001	0.06833373613755073
83.4	0.06824958642758802
83.5	0.0681656905167688
83.60000000000001	0.06808205527448787
83.7	0.06799868269620393
83.80000000000001	0.06791556416329382
83.9	0.06783269614440009
84.	0.06775008193742085
84.10000000000001	0.06766771911144621
84.2	0.06758561011297609
84.30000000000001	0.0675037459613352
84.4	0.06742212801436187
84.5	0.06734075383099511
84.60000000000001	0.0672596297257181
84.7	0.06717874277492156
84.80000000000001	0.06709809629530752
84.9	0.0670176927676401
85.	0.06693752285724731
85.10000000000001	0.06685759234851678
85.2	0.06677789628252051
85.30000000000001	0.06669843538381465
85.4	0.06661920775381909
85.5	0.06654021218235057
85.60000000000001	0.06646144795465918
85.7	0.06638290617332257
85.80000000000001	0.06630459556719506
85.9	0.06622651040175716
86.	0.06614865353222063
86.10000000000001	0.06607101737700598
86.2	0.06599360703796114
86.30000000000001	0.06591641645751914
86.4	0.06583944856539105
86.5	0.06576269883170974
86.60000000000001	0.06568616591959926
86.7	0.06560985214210942
86.80000000000001	0.06553375815591835
86.9	0.06545787389095159
87.	0.06538220536474573
87.10000000000001	0.0653067507719162
87.2	0.06524219148448508
87.30000000000001	0.06516643540628121
87.4	0.06509137863455443
87.5	0.06501649260387485
87.60000000000001	0.06494182901860338
87.7	0.0648673798116705
87.80000000000001	0.06479315176790289
87.9	0.06471912803181139
88.	0.06464532471881317
88.10000000000001	0.06457173078076753
88.2	0.06449834621379626
88.30000000000001	0.06442517086359488
88.4	0.06435220121354208
88.5	0.06427943879528888
88.60000000000001	0.06420687777313737
88.7	0.06413452769236559
88.80000000000001	0.06406237718123059
88.9	0.0639904262661963
89.	0.06391867957516836
89.10000000000001	0.06384712830508936
89.2	0.063775777216234
89.30000000000001	0.063704620020726
89.4	0.06363366088468048
89.5	0.06356289519784102
89.60000000000001	0.06349233645699938
89.7	0.06342197548523525
89.80000000000001	0.06335180260097473
89.9	0.06328182232449063
90.	0.06321203073917912
90.10000000000001	0.06314242895295676
90.2	0.06307301731120349
90.30000000000001	0.0630037907590202
90.4	0.06293475177799007
90.5	0.06286589675897816
90.60000000000001	0.06279716110199708
90.7	0.06272805164374483
90.80000000000001	0.06265935763081787
90.9	0.06259084530681351
91.	0.06252261246705905
91.10000000000001	0.062463651910624425
91.2	0.062395664536966766
91.30000000000001	0.06232824375081155
91.4	0.062260982357358934
91.5	0.06219391539623429
91.60000000000001	0.062127025959751565
91.7	0.06206031224188715
91.80000000000001	0.06199376719692118
91.9	0.061927396665987365
92.	0.061861198297320556
92.10000000000001	0.06179517372448226
92.2	0.061729312926412754
92.30000000000001	0.06166362474831557
92.4	0.06159810675844074
92.5	0.061532755507110466
92.60000000000001	0.06146757446849581
92.7	0.0614025579226684
92.80000000000001	0.06133771104425691
92.9	0.06127302643442962
93.	0.06120850929728755
93.10000000000001	0.06114415535232719
93.2	0.06107996411489066
93.30000000000001	0.06101593757158841
93.4	0.06095207303007054
93.5	0.06088837097942943
93.60000000000001	0.06082482956815442
93.7	0.06076144952111369
93.80000000000001	0.060698229481337074
93.9	0.06063516604991963
94.	0.060572265415464815
94.10000000000001	0.06050951981597866
94.2	0.06044693096630871
94.30000000000001	0.06038449890319957
94.4	0.06032222634188058
94.5	0.060260105543309704
94.60000000000001	0.06019814255662121
94.7	0.06013633341940957
94.80000000000001	0.06007467675215677
94.9	0.060013174008374935
95.	0.05995182475835155
95.10000000000001	0.05989062395321383
95.2	0.05982957716370953
95.30000000000001	0.05976868100832312
95.4	0.05970793526482323
95.5	0.05964733907111594
95.60000000000001	0.05958689006410073
95.7	0.05952659070405096
95.80000000000001	0.05946644075296617
95.9	0.059406435883664066
96.	0.05934657931959606
96.10000000000001	0.05928686737067492
96.2	0.05922730323980865
96.30000000000001	0.059167881733599485
96.4	0.05910860465013993
96.5	0.05905833681869046
96.60000000000001	0.0589902701810363
96.7	0.05893164299211294
96.80000000000001	0.05887293469900107
96.9	0.058814372452158654
97.	0.05875595216437226
97.10000000000001	0.05870617650443293
97.2	0.05864766742959432
97.30000000000001	0.05858134375977968
97.4	0.05853201226333248
97.5	0.05847392680123007
97.60000000000001	0.058416301382531476
97.7	0.058358802758201746
97.80000000000001	0.05830144286185955
97.9	0.058244219509763356
98.	0.058187132029682884
98.10000000000001	0.05813018194729374
98.2	0.05807336452596822
98.30000000000001	0.058016683629053684
98.4	0.05796013978958557
98.5	0.05790372596650183
98.60000000000001	0.0578474483668097
98.7	0.05779130008759745
98.80000000000001	0.05773528704098634
98.9	0.05767940538292882
99.	0.0576236550766481
99.10000000000001	0.05756803502243947
99.2	0.057512546588263096
99.30000000000001	0.057457187093277684
99.4	0.05740195831842787
99.5	0.057346858824155376
99.60000000000001	0.057291886232388796
99.7	0.05723704253251727
99.80000000000001	0.05718232578100908
99.9	0.057127736708109195
100.	0.057073274041653424
100.10000000000001	0.057018937363143236
100.2	0.05696472601546881
100.30000000000001	0.05691064140041668
100.4	0.05685668173221919
100.5	0.05680284462028163
100.60000000000001	0.05674913078926435
100.7	0.0566955436771709
100.80000000000001	0.056642077843162116
100.9	0.056588732989210536
101.	0.056535512265034095
101.10000000000001	0.05648241290977805
101.2	0.056429434053357846
101.30000000000001	0.05637657708851725
101.4	0.05632383912527133
101.5	0.056271222628425446
101.60000000000001	0.056218724233330505
101.7	0.05616634561123439
101.80000000000001	0.056114086339726046
101.9	0.05606194358686017
102.	0.05600991987888086
102.10000000000001	0.055958013137321364
102.2	0.0559062229896161
102.30000000000001	0.055854550187320655
102.4	0.05580299410415077
102.5	0.05575155280701725
102.60000000000001	0.05570022666579476
102.7	0.05564901485298534
102.80000000000001	0.055597919280444996
102.9	0.05554693569711587
103.	0.0554960677586918
103.10000000000001	0.055445312150243904
103.2	0.0553946688116837
103.30000000000001	0.05534413799144048
103.4	0.055293721249022876
103.5	0.055243415017632885
103.60000000000001	0.055193220496129805
103.7	0.05514313660680364
103.80000000000001	0.05509316374352179
103.9	0.055043299889882054
104.	0.054993545306010264
104.10000000000001	0.05494390189228786
104.2	0.05489436726618582
104.30000000000001	0.05484494081463438
104.4	0.05479562350098387
104.5	0.054746412840614996
104.60000000000001	0.05469731051664039
104.7	0.05464831436293339
104.80000000000001	0.05459942642049745
104.9	0.05455064343427207
105.	0.05450196778284452
105.10000000000001	0.054453398556861876
105.2	0.05440493311799587
105.30000000000001	0.05435657305537572
105.4	0.05430831618034095
105.5	0.05426016638692667
105.60000000000001	0.054212118309234524
105.7	0.054164175175359215
105.80000000000001	0.05411633454622177
105.9	0.054068597011656554
106.	0.054020962774984534
106.10000000000001	0.05397342971345674
106.2	0.053925998357118
106.30000000000001	0.0538786693805254
106.4	0.053831440218558645
106.5	0.05378431373637109
106.60000000000001	0.053737285662548054
106.7	0.05369035882625195
106.80000000000001	0.05364353216297355
106.9	0.05359680398359852
107.	0.053550174859350805
107.10000000000001	0.05350364530708949
107.2	0.05345721472988167
107.30000000000001	0.05341088189063735
107.4	0.05336464661228988
107.5	0.05331850921858139
107.60000000000001	0.05327246795334102
107.7	0.05322652445134588
107.80000000000001	0.05318067747060396
107.9	0.05313492554407855
108.	0.05308927021710905
108.10000000000001	0.05304371098956156
108.2	0.052998247351105844
108.30000000000001	0.05295287777819214
108.4	0.052907603709314084
108.5	0.05286242227565535
108.60000000000001	0.052817336802130486
108.7	0.05277234428806606
108.80000000000001	0.05272744476682003
108.9	0.0526826385082272
109.	0.05263792573409558
109.10000000000001	0.05259330494534795
109.2	0.05254877700716113
109.30000000000001	0.05250434026691088
109.4	0.052459994832580376
109.5	0.05241574234538755
109.60000000000001	0.052371578982945206
109.7	0.052327507068752194
109.80000000000001	0.05228352510092003
109.9	0.052239634441154016
110.	0.05219583319061626
110.10000000000001	0.05215212085352941
110.2	0.052108499111153464
110.30000000000001	0.05206496475869439
110.4	0.05202151970287993
110.5	0.05197816240684044
110.60000000000001	0.05193489480628983
110.7	0.05189171510638429
110.80000000000001	0.05184862130309909
110.9	0.05180561557599606
111.	0.05176269672627128
111.10000000000001	0.05171986489618098
111.2	0.051677119182991935
111.30000000000001	0.05163445998219355
111.4	0.05159188718574825
111.5	0.05154939929149131
111.60000000000001	0.051506997691241334
111.7	0.05146467980574438
111.80000000000001	0.05142242975258614
111.9	0.051380256500829655
112.	0.05133816902059666
112.10000000000001	0.051296166514786586
112.2	0.05125424852806733
112.30000000000001	0.05121241409564222
112.4	0.051170663497891705
112.5	0.05112899596510543
112.60000000000001	0.05108741218423721
112.7	0.05104591025052503
112.80000000000001	0.051004492773845674
112.9	0.05096315626983341
113.	0.050921901716473955
113.10000000000001	0.0508807301187161
113.2	0.05083963908150716
113.30000000000001	0.05079862977914632
113.4	0.05075770189130208
113.5	0.050716855199136525
113.60000000000001	0.05067608747312075
113.7	0.05063540106817308
113.80000000000001	0.0505947947611109
113.9	0.05055426850864285
114.	0.050513821048210276
114.10000000000001	0.05047345336949034
114.2	0.05043316454678535
114.30000000000001	0.05039295479033593
114.4	0.05035282374742548
114.5	0.050312769411895865
114.60000000000001	0.050272794995522355
114.7	0.05023739475516863
114.80000000000001	0.050195207524135685
114.9	0.050157740147909274
115.	0.05011798581490461
115.10000000000001	0.05007845072345878
115.2	0.05003903159436891
115.30000000000001	0.04999964982375499
115.4	0.04995853078939205
115.5	0.04991961418799589
115.60000000000001	0.049879549308783855
115.7	0.04984035779814192
115.80000000000001	0.049801252504992725
115.9	0.04976227212277751
116.	0.049723655994302396
116.10000000000001	0.04968801582402068
116.2	0.04965093887742123
116.30000000000001	0.04960695840329624
116.4	0.04957393928567825
116.5	0.04953034356689612
116.60000000000001	0.04949688455397753
116.7	0.04945350958284977
116.80000000000001	0.04942013642764048
116.9	0.04937694511877029
117.	0.049343695460462085
117.10000000000001	0.04930063516495204
117.2	0.04926757856077279
117.30000000000001	0.049224553619707526
117.4	0.049191735777745195
117.5	0.04914878157555431
117.60000000000001	0.049116171284304254
117.7	0.049073310806256196
117.80000000000001	0.04904088444320755
117.9	0.048998134660455245
118.	0.04896587514646344
118.10000000000001	0.048923249333849894
118.2	0.048891144469749535
118.30000000000001	0.04884864882956894
118.4	0.048816689830087606
118.5	0.04877432871922496
118.60000000000001	0.048742510436805664
118.7	0.04870029164310927
118.80000000000001	0.048668607308934804
118.9	0.04862653180351181
119.	0.04859497800620007
119.10000000000001	0.048553046860534924
119.2	0.048521620852690496
119.30000000000001	0.04847983271715254
119.4	0.048448534770720794
119.5	0.04840688917534278
119.60000000000001	0.048375278926082566
119.7	0.04833501677973081
119.80000000000001	0.04830206853573982
119.9	0.048263165415885274
120.	0.04822933411239978
120.10000000000001	0.04818884750142705
120.2	0.04815730857538855
120.30000000000001	0.04811905501673659
120.4	0.048083126540030406
120.5	0.04804705012863427
120.60000000000001	0.04801120426150622
120.7	0.04797545872017552
120.80000000000001	0.047939814827463775
120.9	0.04790425548642675
121.	0.047868774441597164
121.10000000000001	0.0478333668064911
121.2	0.04779807480131923
121.30000000000001	0.047762842284833094
121.4	0.047727660448005325
121.5	0.04769254770970834
121.60000000000001	0.04765750813358202
121.7	0.0476225466513577
121.80000000000001	0.04758766842611028
121.9	0.0475528793119295
122.	0.04751819167211585
122.10000000000001	0.047483621074557676
122.2	0.04744919227744129
122.30000000000001	0.04741495174667305
122.4	0.047380992447756606
122.5	0.04735670865553564
122.60000000000001	0.047313263121478696
122.7	0.04727776372260342
122.80000000000001	0.04724356700789252
122.9	0.04721914454019764
123.	0.04717608957072014
123.10000000000001	0.047141142152878804
123.2	0.04711653960506569
123.30000000000001	0.04707397814617885
123.4	0.04703912681049878
123.5	0.04701414834582427
123.60000000000001	0.046973038600151354
123.7	0.046935932229567545
123.80000000000001	0.04690207793935111
123.9	0.04686822062894384
124.	0.04683454579553564
124.10000000000001	0.0468009290471899
124.2	0.04676744014811167
124.30000000000001	0.04673418348128268
124.4	0.04670270999096851
124.5	0.046669547303827844
124.60000000000001	0.04663636193742876
124.7	0.04660219428765982
124.80000000000001	0.04656890779265829
124.9	0.046535467487916454
125.	0.04650232980882485
125.10000000000001	0.046469330536930774
125.2	0.04643646599161548
125.30000000000001	0.046403719322426734
125.4	0.04637108341518747
125.5	0.04633856664166757
125.60000000000001	0.046306192916722784
125.7	0.046274034667427986
125.80000000000001	0.04624217382145696
125.9	0.046210089711643504
126.	0.04617695769890361
126.10000000000001	0.046144968396437135
126.2	0.04611298882226053
126.30000000000001	0.04607974992545556
126.4	0.04604824111666507
126.5	0.0460159838162282
126.60000000000001	0.04598410893838407
126.7	0.045951399871318195
126.80000000000001	0.04592009676643689
126.9	0.045887314473697684
127.	0.04585636027013109
127.10000000000001	0.04582331331655829
127.2	0.045792841102125705
127.30000000000001	0.04575954575142076
127.4	0.04572954448851071
127.5	0.04569599138253932
127.60000000000001	0.045666467604167274
127.7	0.0456326564315909
127.80000000000001	0.04560360993406945
127.9	0.04556953729348327
128.	0.04554097153009703
128.10000000000002	0.04550663173063481
128.2	0.04547855209738307
128.3	0.04544393510229091
128.4	0.045416290412098485
128.5	0.04538155397448982
128.60000000000002	0.04535414936773883
128.7	0.04531953971546533
128.8	0.04529221517788761
128.9	0.04525773462222924
129.	0.04523048999862951
129.1	0.045196137594269506
129.20000000000002	0.045168970886824776
129.3	0.04513474558761477
129.4	0.04510765729558066
129.5	0.0450735594168067
129.6	0.04504654804539731
129.70000000000002	0.045012576711308504
129.8	0.04498564163947037
129.9	0.0449517961194581
130.	0.0449249391461487
130.1	0.044891218404598796
130.20000000000002	0.044864437332552305
130.3	0.04483084162210643
130.4	0.04480413599116696
130.5	0.04477066207794651
130.6	0.04474403416896541
130.70000000000002	0.04471068279507668
130.8	0.044684129619719945
130.9	0.044650900311067165
131.	0.04462442301360326
131.1	0.04459131501136974
131.20000000000002	0.044564912521594294
131.3	0.04453192399833324
131.4	0.04450559756187109
131.5	0.04447272836310627
131.6	0.04444647645822787
131.70000000000002	0.04441372258917243
131.8	0.044387548850554535
131.9	0.04435491468111133
132.	0.04432881253642491
132.1	0.04429629654975324
132.20000000000002	0.044270268163716514
132.3	0.04423786803478493
132.4	0.044211914398324184
132.5	0.0441852459353765
132.6	0.0441556257967063
132.70000000000002	0.0441290616316288
132.8	0.0440967136741823
132.9	0.044074840503378954
133.	0.0440402412673439
133.1	0.044011523770485825
133.20000000000002	0.04398225820297242
133.3	0.04395571397361026
133.4	0.04392428048840887
133.5	0.043900431964015066
133.6	0.04387040981530993
133.70000000000002	0.0438371262324658
133.8	0.04380573193489936
133.9	0.043780236544719575
134.	0.04375410715225372
134.1	0.04372515612923967
134.20000000000002	0.043699541975237885
134.3	0.043667129814600886
134.4	0.043640028448251884
134.5	0.043615870973189357
134.6	0.043587827022631205
134.70000000000002	0.043559506134678926
134.8	0.043531858633966185
134.9	0.043503046315167625
135.	0.04347665969526403
135.1	0.043445843301487985
135.20000000000002	0.043416282281761434
135.3	0.04338942368924637
135.4	0.04335720110255705
135.5	0.04333105792332431
135.6	0.04330044226085911
135.70000000000002	0.04327571860752268
135.8	0.04325021483695621
135.9	0.04322206569867824
136.	0.043197186372204585
136.1	0.04316574294421884
136.20000000000002	0.043139514965596454
136.3	0.043115324294718725
136.4	0.043089778649496036
136.5	0.043059195853495075
136.6	0.043031220106707055
136.70000000000002	0.04300114071340671
136.8	0.04297234319297823
136.9	0.042947243536890285
137.	0.04292218044732139
137.1	0.04289445058860007
137.20000000000002	0.04287051165262597
137.3	0.042845588579814235
137.4	0.04281500022824731
137.5	0.042783066180574036
137.6	0.04275846083317391
137.70000000000002	0.042733626429353154
137.8	0.04270622175327449
137.9	0.04268236971532993
138.	0.0426582281961698
138.1	0.04262678630647075
138.20000000000002	0.042599616689780885
138.3	0.04257554349289266
138.4	0.042552661928381155
138.5	0.042519194638304225
138.6	0.04250048286236308
138.70000000000002	0.04246548963267792
138.8	0.042437621200474625
138.9	0.042413238288539754
139.	0.04238882861119413
139.1	0.0423619967306123
139.20000000000002	0.04233839335417775
139.3	0.042315427484420846
139.4	0.04228307211788955
139.5	0.04226250763277261
139.6	0.042232281197966674
139.70000000000002	0.042203307443341734
139.8	0.042177510983135116
139.9	0.04215119394656479
140.	0.04212644938083517
140.1	0.0421023989647578
140.20000000000002	0.04207601670593728
140.3	0.042052725847434934
140.4	0.042030408150648034
140.5	0.04199806197883956
140.6	0.04197996801795471
140.70000000000002	0.04194585859382594
140.8	0.04191941304948496
140.9	0.041895343300079727
141.	0.04187156196460569
141.1	0.04184515627735952
141.20000000000002	0.041824970162061326
141.3	0.04179561771389298
141.4	0.04176718948347223
141.5	0.0417430009440844
141.6	0.041719414753076944
141.70000000000002	0.04169289478989018
141.8	0.041667859991746624
141.9	0.04164907436204781
142.	0.041617317251057155
142.1	0.04160045526234711
142.20000000000002	0.04156589781245519
142.3	0.04154199634795859
142.4	0.041518653283425355
142.5	0.04149221462824897
142.6	0.04146851591295937
142.70000000000002	0.041444675794281946
142.8	0.04142036762642496
142.9	0.04139419417563995
143.	0.041369846786494836
143.1	0.041342475806157394
143.20000000000002	0.041318232395753225
143.3	0.041292541200049326
143.4	0.041269487512439994
143.5	0.04124646918720781
143.6	0.041220305193276116
143.70000000000002	0.04119783530971863
143.8	0.04117016845860133
143.9	0.041147073129510506
144.	0.04112420628299185
144.1	0.04109816868135875
144.20000000000002	0.04107198572295085
144.3	0.04104978996074072
144.4	0.041027031432766446
144.5	0.041001150751999865
144.6	0.040979408961665784
144.70000000000002	0.040951163441721665
144.8	0.040928978185188876
144.9	0.04090636827054319
145.	0.040880637568099586
145.1	0.040855024890395344
145.20000000000002	0.040832960472596734
145.3	0.04081047104567325
145.4	0.04078485716291948
145.5	0.0407595297342266
145.6	0.04073749893983955
145.70000000000002	0.04071512766152755
145.8	0.040689638118459534
145.9	0.04066891388626486
146.	0.04065037582174453
146.1	0.040617888670907626
146.20000000000002	0.04059533410257596
146.3	0.040573148013799194
146.4	0.04054783487318153
146.5	0.040527551012253055
146.6	0.040508239274161334
146.70000000000002	0.04047715365574273
146.8	0.04045347514645299
146.9	0.04043087716240536
147.	0.0404095490741026
147.1	0.040382884752854294
147.20000000000002	0.04036110727745135
147.3	0.04033920302462959
147.4	0.0403142561460867
147.5	0.040294369011441705
147.6	0.04027488424781981
147.70000000000002	0.04024482312753141
147.8	0.040220755674762264
147.9	0.04019912639065452
148.	0.040177422461353904
148.1	0.040152720168692015
148.20000000000002	0.04012881269922095
148.3	0.04010728676142044
148.4	0.04008569705056178
148.5	0.040061129542509184
148.6	0.040037404826125285
148.70000000000002	0.0400159653840615
148.8	0.03999448757595534
148.9	0.039970062207255706
149.	0.03994649634671571
149.1	0.039925156714563224
149.20000000000002	0.039903789810681864
149.3	0.03987951052948205
149.4	0.039856088738777426
149.5	0.03983485709969738
149.6	0.03981360295822295
149.70000000000002	0.039789457138648905
149.8	0.03976620482073844
149.9	0.03974506297555407
150.	0.039723917684534926
150.1	0.039699912184930124
150.20000000000002	0.03967680876392074
150.3	0.03965576903535898
150.4	0.039634733368993064
150.5	0.039610867136680786
150.6	0.03959204273570143
150.70000000000002	0.03957244599940956
150.8	0.03954742386325922
150.9	0.03952914085752867
151.	0.03950007676993039
151.1	0.039477903900965165
151.20000000000002	0.03945630164482196
151.3	0.0394372366012339
151.4	0.039419086616461825
151.5	0.03939022218599014
151.6	0.03936823912125594
151.70000000000002	0.0393466811496483
151.8	0.03932411819394225
151.9	0.03930350602770063
152.	0.03928290079158388
152.1	0.03925957615896173
152.20000000000002	0.03923717639263636
152.3	0.03921664758350077
152.4	0.03919614366539292
152.5	0.039172970034875805
152.6	0.039150662339607484
152.70000000000002	0.03913026407749308
152.8	0.039109827652302094
152.9	0.03908691201614008
153.	0.03906817493962035
153.1	0.03905066614589312
153.20000000000002	0.03902223262313571
153.3	0.039001193556781465
153.4	0.03898277086766412
153.5	0.03896463005160018
153.6	0.038939867987011184
153.70000000000002	0.03892293465330646
153.8	0.03889425759530798
153.9	0.03887392083830131
154.	0.038853688941844794
154.1	0.038831533881971775
154.20000000000002	0.038811769621136714
154.3	0.03878859236277122
154.4	0.038768292919047195
154.5	0.03875434426130595
154.60000000000002	0.03872902084136126
154.70000000000002	0.03871026365431897
154.8	0.0386831573419193
154.9	0.03866346002756855
155.	0.0386489990180893
155.10000000000002	0.0386208575949932
155.20000000000002	0.03860087042137371
155.3	0.03858640711230154
155.4	0.03855846285600349
155.5	0.03853853284467742
155.60000000000002	0.03852406480814249
155.70000000000002	0.03849631970734539
155.8	0.03847644521538669
155.9	0.03846196938741277
156.	0.03843442638054602
156.10000000000002	0.0384145344978988
156.20000000000002	0.03839512889835186
156.3	0.03837301621323467
156.4	0.038352205884577134
156.5	0.03833253382481937
156.60000000000002	0.03831805222800471
156.70000000000002	0.0382909605071473
156.8	0.03827103737991561
156.9	0.0382527327194969
157.	0.03823766530205561
157.10000000000002	0.038212632422128016
157.20000000000002	0.03819517830119557
157.3	0.038171831233424956
157.4	0.03815539920272663
157.5	0.03812852937090229
157.60000000000002	0.038108932962327674
157.70000000000002	0.03809020069881946
157.8	0.03807116454281223
157.9	0.038053770705505856
158.	0.038030739401870746
158.10000000000002	0.03801434305059467
158.20000000000002	0.03798786008201208
158.3	0.03796829783900752
158.4	0.03795039988523454
158.5	0.037935328310976194
158.60000000000002	0.03790769587619464
158.70000000000002	0.03788880930422558
158.8	0.037874338130640804
158.9	0.03784788303701104
159.	0.03782928616153727
159.10000000000002	0.037814822148913844
159.20000000000002	0.03779174382115611
159.3	0.037775885042379706
159.4	0.0377495271067015
159.5	0.03773059601773873
159.60000000000002	0.037716149697774905
159.70000000000002	0.03769330441998877
159.8	0.03767747363342275
159.9	0.037651376557751096
160.	0.03763254322553541
160.10000000000002	0.0376181076691347
160.20000000000002	0.03759550249108452
160.3	0.03757968998502339
160.4	0.03755386080613512
160.5	0.03753505649777457
160.60000000000002	0.03752130015582138
160.70000000000002	0.037495661413321016
160.8	0.0374768294342034
160.9	0.037463900204714864
161.	0.03744071217161674
161.10000000000002	0.037423405377141596
161.20000000000002	0.03739875441879597
161.3	0.037380544216709465
161.4	0.037366182216650126
161.5	0.0373441381492936
161.60000000000002	0.0373283981976886
161.70000000000002	0.037303226485078764
161.8	0.037284498109607066
161.9	0.03726717966813689
162.	0.03724804168469518
162.10000000000002	0.03722914700512223
162.20000000000002	0.03721516279631356
162.3	0.03719163871325987
162.4	0.03717544431491551
162.5	0.03715355306513078
162.60000000000002	0.037138079723397506
162.70000000000002	0.037113170320301474
162.8	0.03709478438978186
162.9	0.037082000556633035
163.	0.03705643215278201
163.10000000000002	0.03703846004450037
163.20000000000002	0.03702421873609016
163.3	0.0370029056798609
163.4	0.036987268455487284
163.5	0.03696535230664346
163.60000000000002	0.036950221858144866
163.70000000000002	0.036925482902392684
163.8	0.03690751821492262
163.9	0.03689332946199574
164.	0.03687228657911778
164.10000000000002	0.03685669326763087
164.20000000000002	0.036835056025375665
164.3	0.03681998599233801
164.4	0.03679555249860383
164.5	0.03677767111733286
164.60000000000002	0.036763981347793594
164.70000000000002	0.03674270952928068
164.8	0.036727575454621485
164.9	0.03670672963110877
165.	0.03668543120176053
165.10000000000002	0.03666891825188337
165.20000000000002	0.03665521925283285
165.3	0.03663281628729684
165.4	0.03661286598707176
165.5	0.03659512009754445
165.60000000000002	0.036575537126061215
165.70000000000002	0.03655740552109856
165.8	0.03653905459542103
165.9	0.036521396440331
166.	0.03650836483690962
166.10000000000002	0.03648790024129656
166.20000000000002	0.03646689624009636
166.3	0.03645065484783326
166.4	0.03643701174975821
166.5	0.03641509775704276
166.60000000000002	0.036395358689727444
166.70000000000002	0.03637809014222133
166.8	0.03636141563746913
166.9	0.03634120077894636
167.	0.036326265039001146
167.10000000000002	0.036304863084512785
167.20000000000002	0.03628726210390793
167.3	0.036271101303518606
167.4	0.03625317674703293
167.5	0.036235586967733165
167.60000000000002	0.036217371126423925
167.70000000000002	0.03620057013198873
167.8	0.036181049567651065
167.9	0.03616422081363804
168.	0.03614727487752381
168.10000000000002	0.03612816620681235
168.20000000000002	0.036110594839398505
168.3	0.036092029382389465
168.4	0.03607724373497867
168.5	0.03605709801704219
168.60000000000002	0.036044756591238625
168.70000000000002	0.03602445557638555
168.8	0.036004554280679446
168.9	0.03599099846564759
169.	0.035971536269986136
169.10000000000002	0.03595258863032791
169.20000000000002	0.03593539596999327
169.3	0.03591720930277662
169.4	0.03590473150495697
169.5	0.035882037183632726
169.60000000000002	0.03586507991317703
169.70000000000002	0.03585273228322983
169.8	0.035830018733101585
169.9	0.035813242516391335
170.	0.035798990299699684
170.10000000000002	0.03577822240959203
170.20000000000002	0.03576148243251991
170.3	0.03574421087895995
170.4	0.035731833134416816
170.5	0.03570947973074559
170.60000000000002	0.03569267027890799
170.70000000000002	0.035680773161864666
170.8	0.035660755440577806
170.9	0.03564156582802062
171.	0.035626514465010486
171.10000000000002	0.03560755447224403
171.20000000000002	0.03559193557696451
171.3	0.03557425069120688
171.4	0.035558857623353986
171.5	0.0355392150562285
171.60000000000002	0.03552818499498205
171.70000000000002	0.03550741504342227
171.8	0.035489071500668795
171.9	0.035471576988046184
172.	0.035460517777599676
172.10000000000002	0.035439941343162286
172.20000000000002	0.03542163641033757
172.3	0.035405213365238365
172.4	0.03538743676955616
172.5	0.035376827357981616
172.60000000000002	0.03535591899680509
172.70000000000002	0.03533796418686475
172.8	0.035320620749078636
172.9	0.03530866711121699
173.	0.03528693311535578
173.10000000000002	0.035270706853829985
173.20000000000002	0.035253972568289486
173.3	0.03524258537743717
173.4	0.03522294341847468
173.5	0.03520454845707262
173.60000000000002	0.03518926145022052
173.70000000000002	0.035172307199659324
173.8	0.035156798362978435
173.9	0.0351384690781892
174.	0.035123308928688514
174.10000000000002	0.03510629991007638
174.20000000000002	0.03508850992129823
174.3	0.03507249501579929
174.4	0.03505599012736971
174.5	0.035044834622418884
174.60000000000002	0.03502535993079992
174.70000000000002	0.03500731214567758
174.8	0.03499201172340903
174.9	0.03498031085747578
175.	0.034959876263137596
175.10000000000002	0.03494248119324631
175.20000000000002	0.03492585595241504
175.3	0.03491096213717039
175.4	0.034894115287480425
175.5	0.03487676606019161
175.60000000000002	0.034862925462922904
175.70000000000002	0.03484491015981273
175.8	0.03483024416151697
175.9	0.03481318380168647
176.	0.034796449053114284
176.10000000000002	0.03478003406210834
176.20000000000002	0.03476649730252967
176.3	0.034748249102348965
176.4	0.034732080684585
176.5	0.03472157259531075
176.60000000000002	0.03470204532051977
176.70000000000002	0.03468473002865933
176.8	0.03466838874301582
176.9	0.03465473928786179
177.	0.034636428356631895
177.10000000000002	0.03462107124032968
177.20000000000002	0.03460481689827389
177.3	0.03458854449891726
177.4	0.034575828949381084
177.5	0.0345594545646171
177.60000000000002	0.03454145494832707
177.70000000000002	0.03452828552299153
177.8	0.03451223990294754
177.9	0.034494069817197215
178.	0.03447902392510098
178.10000000000002	0.034463000530134784
178.20000000000002	0.03444833303740393
178.3	0.03443260992856165
178.4	0.034417063823608145
178.5	0.034401189490957024
178.60000000000002	0.03438616396903062
178.70000000000002	0.03436937226674432
178.8	0.03435353939624876
178.9	0.03433900606631243
179.	0.034323354176963694
179.10000000000002	0.03430805343624483
179.20000000000002	0.03429205342365554
179.3	0.03427775150274125
179.4	0.034260182104134805
179.5	0.034244449953203
179.60000000000002	0.03423104623628242
179.70000000000002	0.03421416877021335
179.8	0.034198582193452884
179.9	0.03418461829266061
180.	0.034168250666709366
180.10000000000002	0.034152502776775756
180.20000000000002	0.0341383900157146
180.3	0.03412247283790055
180.4	0.03410613331699454
180.5	0.0340966840692602
180.60000000000002	0.03407735122215414
180.70000000000002	0.03406110879890252
180.8	0.03404549927584349
180.9	0.03403143969076943
181.	0.03401576599824611
181.10000000000002	0.0340017473720499
181.20000000000002	0.033984536521264624
181.3	0.03396911956376067
181.4	0.033955945037010465
181.5	0.03393947345710349
181.60000000000002	0.033924205916311415
181.70000000000002	0.033910321845149916
181.8	0.03389467015527531
181.9	0.03388107268074982
182.	0.03386615052999179
182.10000000000002	0.03385099412817127
182.20000000000002	0.03383363112250043
182.3	0.033819165889647555
182.4	0.03380405507268096
182.5	0.033789156095338425
182.60000000000002	0.033774156499312015
182.70000000000002	0.0337593326281852
182.8	0.03374432923645328
182.9	0.03372956444441346
183.	0.033714584093191946
183.10000000000002	0.03369982571245964
183.20000000000002	0.0336848986145085
183.3	0.03367016493457706
183.4	0.033655281284190416
183.5	0.03364056414695795
183.60000000000002	0.03362572987813285
183.70000000000002	0.03361103089607744
183.8	0.033596243955813426
183.9	0.033581563051892804
184.	0.03356682260143244
184.10000000000002	0.03355216049320834
184.20000000000002	0.0335374656428325
184.3	0.0335228240000707
184.4	0.033508172096412596
184.5	0.033493554850594943
184.60000000000002	0.03347894138018575
184.70000000000002	0.03346435084934689
184.8	0.03344977310033703
184.9	0.03343521256797215
185.	0.03342066796663053
185.10000000000002	0.03340613858617262
185.20000000000002	0.03339162577069249
185.3	0.033377128717732026
185.4	0.033362647742074404
185.5	0.03334818224676736
185.60000000000002	0.03333373316607936
185.70000000000002	0.033319300218999995
185.8	0.03330488302988976
185.9	0.03329048221026164
186.	0.0332760983184766
186.10000000000002	0.033261730904369714
186.20000000000002	0.033247382455927864
186.3	0.03323305544591048
186.4	0.03321876381747471
186.5	0.033204579093223066
186.60000000000002	0.03319005396473541
186.70000000000002	0.03317581773325206
186.8	0.033161587353151376
186.9	0.03314743543469343
187.	0.03313312037890961
187.10000000000002	0.03311906811504001
187.20000000000002	0.0331045177627334
187.3	0.03309052666118536
187.4	0.03307646230053663
187.5	0.03306206640220246
187.60000000000002	0.033047998337912395
187.70000000000002	0.033033992318950246
187.8	0.0330197564393353
187.9	0.033005795026767364
188.	0.0329915432269879
188.10000000000002	0.03297756237846171
188.20000000000002	0.03296359458017533
188.3	0.03294936939745212
188.4	0.03293543852217632
188.5	0.03292154100090257
188.60000000000002	0.03290730835939373
188.70000000000002	0.03289343793921173
188.8	0.03287964825508566
188.9	0.03286533459289434
189.	0.03285165273178694
189.10000000000002	0.03283770318194569
189.20000000000002	0.03282386470848197
189.3	0.0328098295227906
189.4	0.032796142642267566
189.5	0.03278453743190673
189.60000000000002	0.03276947581623026
189.70000000000002	0.03275437951869122
189.8	0.032740706271874274
189.9	0.03272687627081323
190.	0.03271314992919842
190.10000000000002	0.03269924263712926
190.20000000000002	0.03268574375569353
190.3	0.032673857674826896
190.4	0.032659362594212905
190.5	0.03264410469169226
190.60000000000002	0.032630799041431194
190.70000000000002	0.032616770711638605
190.8	0.032603343545013104
190.9	0.03258963047784973
191.	0.03257611194067025
191.10000000000002	0.03256221928073053
191.20000000000002	0.03254879328658772
191.3	0.0325351535690348
191.4	0.03252165451525464
191.5	0.0325078947136521
191.60000000000002	0.032494577521496176
191.70000000000002	0.032480691637388204
191.8	0.0324674252989823
191.9	0.03245379702121601
192.	0.0324405508099264
192.10000000000002	0.03242654223453421
192.20000000000002	0.032413875208834035
192.3	0.032400886740502594
192.4	0.03238655369228325
192.5	0.032372975235397616
192.60000000000002	0.03235989165664746
192.70000000000002	0.03234579056977007
192.8	0.03233460291143914
192.9	0.03232085843712537
193.	0.03230572296143577
193.10000000000002	0.032294215242933785
193.20000000000002	0.03227899138892442
193.3	0.03226781022659371
193.4	0.03225421039045993
193.5	0.032239097922865126
193.60000000000002	0.032226280661547875
193.70000000000002	0.03221289939682625
193.8	0.03219990632490253
193.9	0.03218828557499522
194.	0.03217453990917958
194.10000000000002	0.03216191665942349
194.20000000000002	0.03214807661559197
194.3	0.0321333721720599
194.4	0.032120693929360365
194.5	0.03210905317759909
194.60000000000002	0.03209552186425116
194.70000000000002	0.03208068627343116
194.8	0.032069067527560856
194.9	0.03205464557809416
195.	0.03204185943560942
195.10000000000002	0.032028488322633594
195.20000000000002	0.03201573087936176
195.3	0.032002355418165165
195.4	0.03198964009690932
195.5	0.03197630663265257
195.60000000000002	0.031963615707158936
195.70000000000002	0.031950285212830686
195.8	0.03193763662272712
195.9	0.03192433175857657
196.	0.03191171453505899
196.10000000000002	0.03189842371898314
196.20000000000002	0.031885845255372094
196.3	0.03187256069013309
196.4	0.0318600340131312
196.5	0.03184888689572719
196.60000000000002	0.031835265828938135
196.70000000000002	0.031821020272490654
196.8	0.03180855683418327
196.9	0.031797393157709825
197.	0.0317839073285417
197.10000000000002	0.03176966550949523
197.20000000000002	0.031757311604051514
197.3	0.03174398625793506
197.4	0.031732208377110306
197.5	0.03171921725423601
197.60000000000002	0.03170696893536649
197.70000000000002	0.0316933180216123
197.8	0.031680641156649786
197.9	0.03166783535557956
198.	0.0316553487179525
198.10000000000002	0.03164424993101924
198.20000000000002	0.03163101710191685
198.3	0.03161688837313864
198.4	0.031604776656868325
198.5	0.031593277023833764
198.60000000000002	0.031580777865532886
198.70000000000002	0.03156803023410338
198.8	0.031553648511515486
198.9	0.03154281378123392
199.	0.03153047277081104
199.10000000000002	0.0315176575984282
199.20000000000002	0.03150539517470903
199.3	0.031492548744121475
199.4	0.031478398719637514
199.5	0.03146698820661234
199.60000000000002	0.03145396470651243
199.70000000000002	0.03144275213917126
199.8	0.03143014801045795
199.9	0.03141783394637869
200.	0.03140522582088782