1.	1.9400885097798621
1.1	1.9340726672815614
1.2	1.928049967081389
1.3	1.9220230199657764
1.4	1.915991768523391
1.5	1.909955203282286
1.6	1.903913559535276
1.7000000000000002	1.8978673942287547
1.8	1.8918167049671915
1.9	1.8857603209632443
2.	1.8796989533388933
2.1	1.8736325148984987
2.2	1.8675611855278438
2.3	1.8614849985005675
2.4000000000000004	1.855403492638462
2.5	1.849316885548581
2.6	1.8432255469468384
2.7	1.837128969534044
2.8	1.8310264064913078
2.9000000000000004	1.8249175133924191
3.	1.8188052398696661
3.1	1.8126868053110132
3.2	1.8065624908469209
3.3000000000000003	1.8004349416281342
3.4000000000000004	1.7943001405438312
3.5	1.7881589962656286
3.6	1.7820134400268768
3.7	1.7758625762556406
3.8000000000000003	1.7697059982528405
3.9000000000000004	1.7635447714819519
4.	1.7573753855469083
4.1	1.7512016756426
4.2	1.7450225627694815
4.300000000000001	1.7388373675317035
4.4	1.7326467440773619
4.5	1.726449965657114
4.6	1.7202476331409746
4.7	1.7140391772664563
4.800000000000001	1.7078249720366738
4.9	1.7016047016783151
5.	1.6953784973784756
5.1000000000000005	1.6891462406637259
5.2	1.6829079261476347
5.3	1.676663515513618
5.4	1.6704129927420026
5.5	1.6641562560849659
5.6000000000000005	1.6578932244823805
5.7	1.6516240292999327
5.800000000000001	1.6453484018727322
5.9	1.6390666121123134
6.	1.6327781313128045
6.1000000000000005	1.6264837134216537
6.2	1.6201827384446186
6.300000000000001	1.6138745119717788
6.4	1.6075606580227246
6.5	1.601240758428133
6.6000000000000005	1.5949129441895393
6.7	1.5885781608122764
6.800000000000001	1.5822376762088373
6.9	1.5758900704794332
7.	1.5695360239077607
7.1000000000000005	1.563174484052455
7.2	1.5568072007769138
7.300000000000001	1.550431196063561
7.4	1.5440494052998086
7.5	1.5376610013740077
7.6000000000000005	1.5312637525944557
7.7	1.5248612643164057
7.800000000000001	1.518450738370618
7.9	1.5120337777373902
8.	1.5056077974750552
8.100000000000001	1.4991764125055127
8.2	1.492736158435504
8.3	1.4862900637520489
8.4	1.4798361437686296
8.5	1.4733730304115547
8.600000000000001	1.466904517387175
8.7	1.460427782820353
8.8	1.453942364031637
8.9	1.4474502409371688
9.	1.4409511555579066
9.1	1.4344427778372546
9.200000000000001	1.4279262685512149
9.3	1.421402314091099
9.4	1.4148715495993112
9.5	1.4083317237283661
9.6	1.401784601621657
9.700000000000001	1.3952276080814663
9.8	1.3886633004531688
9.9	1.3820918718472641
10.	1.3755111239923954
10.1	1.368922962498949
10.200000000000001	1.3623251626044892
10.3	1.3557183517873383
10.4	1.349104099201081
10.5	1.3424813037909402
10.600000000000001	1.3358495682620568
10.700000000000001	1.3292093795476485
10.8	1.3225601828142342
10.9	1.3159023822438405
11.	1.3092354818849112
11.100000000000001	1.3025598226037642
11.200000000000001	1.2958749708855408
11.3	1.2891812028404224
11.4	1.2824781468058082
11.5	1.2757660166345994
11.600000000000001	1.269044498051631
11.700000000000001	1.2623137485277043
11.8	1.2555735049492927
11.9	1.2488238743703413
12.	1.2420646385971732
12.100000000000001	1.235295861414321
12.200000000000001	1.2285173613185152
12.3	1.2217291672667878
12.4	1.2149311268869836
12.5	1.2081232411303404
12.600000000000001	1.2013053797349866
12.700000000000001	1.1944775223653314
12.8	1.1876395554468433
12.9	1.1807914415087604
13.	1.1739330798131626
13.100000000000001	1.1670644198753877
13.200000000000001	1.1601853697126392
13.3	1.1532958694608952
13.4	1.146395832300416
13.5	1.1394851923634626
13.600000000000001	1.1325638656984107
13.700000000000001	1.1256317815730368
13.8	1.1186888579299743
13.9	1.111735020431258
14.	1.1047701877857286
14.100000000000001	1.0977942833861305
14.200000000000001	1.0908072049733457
14.3	1.0838089471680816
14.4	1.0767991094458955
14.5	1.0697783029525492
14.600000000000001	1.0627456942252544
14.700000000000001	1.055701781573003
14.8	1.0486458346407004
14.9	1.0415786594344467
15.	1.0344991651415374
15.100000000000001	1.0274083050769898
15.200000000000001	1.020304771674166
15.3	1.0131900412404102
15.4	1.0060622227628595
15.5	0.9989231330734205
15.600000000000001	0.9917708364606201
15.700000000000001	0.9846068728531723
15.8	0.9774295750031115
15.9	0.9702405996097827
16.	0.963039643906388
16.1	0.9558238379260049
16.200000000000003	0.9485971348501072
16.3	0.941354547751647
16.4	0.9341009897602033
16.5	0.9268353550925856
16.6	0.9195537660114785
16.700000000000003	0.9122604057264361
16.8	0.9049529794058726
16.9	0.897632476461919
17.	0.8902989045538565
17.1	0.8829504026997081
17.2	0.8755887906676854
17.3	0.8682128791597832
17.400000000000002	0.860823608951973
17.5	0.8534193513060613
17.6	0.8460016134021517
17.7	0.8385689743451126
17.8	0.8311020499179484
17.900000000000002	0.823449163908011
18.	0.8156265217238723
18.1	0.8076658079387746
18.2	0.7995859299952557
18.3	0.7913998922976289
18.400000000000002	0.783117377047031
18.5	0.7747459718407361
18.6	0.7662918406471324
18.7	0.757760126433755
18.8	0.749155209675632
18.900000000000002	0.7404808830985445
19.	0.7317404746936564
19.1	0.7229369372125063
19.2	0.7140729150656775
19.3	0.7051507955039749
19.400000000000002	0.6961727485285394
19.5	0.6871407585560876
19.6	0.6780566499111069
19.7	0.6689221076171756
19.8	0.6597386945500918
19.900000000000002	0.6505078657381234
20.	0.6412309803920782
20.1	0.6319093121134822
20.200000000000003	0.6225440576204659
20.3	0.613136344260526
20.400000000000002	0.6036872365188795
20.5	0.5941977416902446
20.6	0.5846688148483052
20.700000000000003	0.5751013632216087
20.8	0.5654962500646077
20.900000000000002	0.5558542980971541
21.	0.5461762925725804
21.1	0.5364629840250199
21.200000000000003	0.5267150907381399
21.3	0.5169333009708552
21.400000000000002	0.5071182749703773
21.5	0.49727064679797106
21.6	0.4873910259898171
21.700000000000003	0.4774799990715093
21.8	0.46753813094279817
21.900000000000002	0.45756596614649503
22.	0.44756403003384815
22.1	0.4375328298372656
22.200000000000003	0.42747285565960214
22.3	0.4173845813882364
22.400000000000002	0.4072684655413976
22.5	0.397124952053042
22.6	0.3869544710017663
22.700000000000003	0.37675743928920635
22.8	0.36653426127219113
22.900000000000002	0.35628532935259827
23.	0.3460110245286807
23.1	0.33571171691103396
23.200000000000003	0.3253877662060023
23.3	0.3150395221693616
23.400000000000002	0.3046673250323715
23.5	0.29427150590246987
23.6	0.28385238714065997
23.700000000000003	0.27341028271707346
23.8	0.2629454985464439
23.900000000000002	0.2524583328051144
24.	0.24194907623042639
24.1	0.23141801240448645
24.200000000000003	0.22086541802237214
24.3	0.2102915631468516
24.400000000000002	0.19969671144973988
24.5	0.18908112044130698
24.6	0.17844504168798547
24.700000000000003	0.1677887210198561
24.8	0.1571123987276688
24.900000000000002	0.14641630975077602
25.	0.13570068385611123
25.1	0.12496574580899811
25.200000000000003	0.11421171553608778
25.3	0.10343880828098051
25.400000000000002	0.09264723475297298
25.5	0.08183720126923921
25.6	0.07100890989088393
25.700000000000003	0.06016255855318464
25.8	0.04929834119036558
25.900000000000002	0.03841644785511056
26.	0.027517064833221916
26.1	0.01660037475361742
26.200000000000003	0.0056665566938538525
26.3	-0.005284213718482533
26.400000000000002	-0.016251764208375263
26.5	-0.027235925759804047
26.6	-0.03823653252559156
26.700000000000003	-0.049253421740943715
26.8	-0.060286433639978654
26.900000000000002	-0.07133541137549271
27.	-0.08240020094160716
27.1	-0.09348065109924164
27.200000000000003	-0.10457661330427603
27.3	-0.11568794163828233
27.400000000000002	-0.1268144927416106
27.5	-0.1379561257488784
27.6	-0.1491127022266947
27.700000000000003	-0.16028408611348288
27.8	-0.1714701436613053
27.900000000000002	-0.18267074337967237
28.	-0.19388575598123436
28.1	-0.20511505432927502
28.200000000000003	-0.21635851338671808
28.3	-0.22761601016709676
28.400000000000002	-0.23888742368686966
28.5	-0.25017263491925235
28.6	-0.26147152674962504
28.700000000000003	-0.2727839839322028
28.8	-0.28410989304807766
28.900000000000002	-0.2954491424646122
29.	-0.3068016222959189
29.1	-0.31816722436471556
29.200000000000003	-0.3295458421651074
29.3	-0.34093737082664166
29.400000000000002	-0.35234170707936263
29.5	-0.36375874921980333
29.6	-0.3751883970781278
29.700000000000003	-0.3866305519859585
29.8	-0.3980851167454462
29.900000000000002	-0.409551995598906
30.	-0.4210310941994657
30.1	-0.43252231958255605
30.200000000000003	-0.4440255801379651
30.3	-0.45554078558299205
30.400000000000002	-0.46706784693606895
30.5	-0.4786066764911392
30.6	-0.4901571877928359
30.700000000000003	-0.501719295612173
30.8	-0.5132929159229853
30.900000000000002	-0.524877965878932
31.	-0.5364743637910854
31.1	-0.5480820291061721
31.200000000000003	-0.5597008823852714
31.3	-0.5713308452831041
31.400000000000002	-0.5829718405279252
31.5	-0.594623791901745
31.6	-0.606286624221199
31.700000000000003	-0.6179602633188019
31.8	-0.6296446360247754
31.900000000000002	-0.6413396701491161
32.	-0.6530452944643272
32.1	-0.6647614386884477
32.2	-0.6764880334684915
32.3	-0.6882250103642611
32.400000000000006	-0.6999723018326978
32.5	-0.7117298412123461
32.6	-0.7234975627084612
32.7	-0.7352754013782095
32.8	-0.7470632931163816
32.900000000000006	-0.7588611746414053
33.	-0.7706689834816087
33.1	-0.7824866579618792
33.2	-0.7943141371905491
33.300000000000004	-0.8061513610466555
33.4	-0.817998270167434
33.5	-0.8298548059361077
33.6	-0.8417209104698995
33.7	-0.8535965266085204
33.800000000000004	-0.8654815979024275
33.9	-0.8773760686019747
34.	-0.8892798836463309
34.1	-0.9011929886527663
34.2	-0.9131153299062547
34.300000000000004	-0.9250468543491679
34.4	-0.9369875095713169
34.5	-0.9489372438000969
34.6	-0.9608960058909255
34.7	-0.9728637453177567
34.800000000000004	-0.984840412163972
34.9	-0.9968259571133098
35.	-1.0088203314410698
35.1	-1.0208234870054516
35.2	-1.0328353762390305
35.300000000000004	-1.044855952140634
35.4	-1.056885168266985
35.5	-1.0689229787249035
35.6	-1.0809693381634862
35.7	-1.0930242017663665
35.800000000000004	-1.1050875252443397
35.9	-1.1171592648279791
36.	-1.1292393772603897
36.1	-1.1413278197902108
36.2	-1.1534245501647362
36.300000000000004	-1.1655295266230108
36.4	-1.1776427078893028
36.5	-1.189764053166515
36.6	-1.2018935221298572
36.7	-1.2140310749204906
36.800000000000004	-1.226176672139505
36.9	-1.238330274841744
37.	-1.250491844530019
37.1	-1.26266134314923
37.2	-1.2748387330807192
37.300000000000004	-1.287023977136665
37.4	-1.2992170385545871
37.5	-1.3114178809920292
37.6	-1.323626468521295
37.7	-1.3358427656241312
37.800000000000004	-1.348066737186873
37.9	-1.3602983484952724
38.	-1.3725375652296985
38.1	-1.3847843534603177
38.2	-1.3970386796424306
38.300000000000004	-1.4093005106117578
38.4	-1.4215698135799677
38.5	-1.4338465561302054
38.6	-1.44613070621274
38.7	-1.4584222321406393
38.800000000000004	-1.470721102585574
38.9	-1.483027286573646
39.	-1.4953407534814098
39.1	-1.5076614730318099
39.2	-1.5199894152902602
39.300000000000004	-1.5323245506608485
39.400000000000006	-1.5446668498825677
39.5	-1.5570162840255084
39.6	-1.569372824487369
39.7	-1.5817364429897354
39.800000000000004	-1.594107111574682
39.900000000000006	-1.6064848026012641
40.	-1.6188694887421664
40.1	-1.631261142980334
40.2	-1.643659738605752
40.300000000000004	-1.656065249212236
40.400000000000006	-1.6684776486942572
40.5	-1.6808969112438925
40.6	-1.6933230113477253
40.7	-1.7057559237839595
40.800000000000004	-1.7181956236193745
40.900000000000006	-1.7306420862065468
41.	-1.7430952871809966
41.1	-1.7555552024583831
41.2	-1.7680218082318646
41.300000000000004	-1.7804950809692999
41.400000000000006	-1.7929749974107558
41.5	-1.8054615345658265
41.6	-1.8179546697111797
41.7	-1.83045438038803
41.800000000000004	-1.8429606443996907
41.900000000000006	-1.8554734398092223
42.	-1.8679927449370402
42.1	-1.880518538358611
42.2	-1.8930507989022902
42.300000000000004	-1.9055895056468666
42.400000000000006	-1.9181346379196134
42.5	-1.9306861752940554
42.6	-1.9432440975878076
42.7	-1.955808384860684
42.800000000000004	-1.9683790174124054
42.900000000000006	-1.9809559757809478
43.	-1.993539240740255
43.1	-2.006128793298592
43.2	-2.018724614696567
43.300000000000004	-2.0313266864052646
43.400000000000006	-2.0439349901244714
43.5	-2.056549507780911
43.6	-2.06917022152658
43.7	-2.081797113736909
43.800000000000004	-2.094430167009189
43.900000000000006	-2.1070693641609353
44.	-2.119714688228311
44.1	-2.1323661224644694
44.2	-2.145023650338117
44.300000000000004	-2.1576872555319753
44.400000000000006	-2.170356921941293
44.5	-2.1830326336724353
44.6	-2.1957143750414834
44.7	-2.208402130572811
44.800000000000004	-2.2210958849977867
44.900000000000006	-2.2337956232534055
45.	-2.24650133048108
45.1	-2.259212992025267
45.2	-2.271930593432331
45.300000000000004	-2.284654120449308
45.400000000000006	-2.2973835590227543
45.5	-2.3101188952975344
45.6	-2.322860115615768
45.7	-2.3356072065157703
45.800000000000004	-2.3483601547308472
45.900000000000006	-2.3611189471883858
46.	-2.373883571008918
46.1	-2.3866540135048484
46.2	-2.399430262179798
46.300000000000004	-2.4122123047275332
46.400000000000006	-2.425000129031068
46.5	-2.4377937231618767
46.6	-2.4505930753788716
46.7	-2.463398174127721
46.800000000000004	-2.476209008040025
46.900000000000006	-2.4890255659325393
47.	-2.5018478368063217
47.1	-2.514675809846157
47.2	-2.527509474419799
47.300000000000004	-2.54034882007725
47.400000000000006	-2.553193836550177
47.5	-2.566044513751289
47.6	-2.5789008417736587
47.7	-2.591762810890211
47.800000000000004	-2.6046304115531793
47.900000000000006	-2.6175036343935276
48.	-2.6303824702205274
48.1	-2.6432669100211803
48.2	-2.656156944959814
48.300000000000004	-2.669052566377749
48.400000000000006	-2.6819537657926626
48.5	-2.694860534898428
48.6	-2.7077728655647
48.7	-2.720690749836481
48.800000000000004	-2.733614179933965
48.900000000000006	-2.7465431482521403
49.	-2.7594776473605984
49.1	-2.7724176700032865
49.2	-2.7853632090982385
49.300000000000004	-2.7983142577374958
49.400000000000006	-2.8112708091868743
49.5	-2.8242328568858333
49.6	-2.837200394447413
49.7	-2.850173415658076
49.800000000000004	-2.8631519144777053
49.900000000000006	-2.8761358850396
50.	-2.8891253216503126
50.1	-2.9021202187899027
50.2	-2.9151205711117223
50.300000000000004	-2.928126373442685
50.400000000000006	-2.941137620783256
50.5	-2.9541543083076154
50.6	-2.967176431363779
50.7	-2.980203985473755
50.800000000000004	-2.993236966333827
50.900000000000006	-3.00627536981464
51.	-3.019319191961597
51.1	-3.0323684289951043
51.2	-3.0454230773107542
51.300000000000004	-3.0584831334798173
51.400000000000006	-3.071548594249578
51.5	-3.0846194565436544
51.6	-3.097695717462479
51.7	-3.1107773742837543
51.800000000000004	-3.1238644244629254
51.900000000000006	-3.1369568656336377
52.	-3.150054695608331
52.1	-3.1631579123788884
52.2	-3.1762665141170516
52.300000000000004	-3.189380499175179
52.400000000000006	-3.202499866086915
52.5	-3.2156246135678335
52.6	-3.2287547405162638
52.7	-3.241890246013874
52.800000000000004	-3.2550311293266905
52.900000000000006	-3.2681773899057514
53.	-3.281329027388103
53.1	-3.294486041597559
53.2	-3.3076484325457813
53.300000000000004	-3.3208162004331734
53.400000000000006	-3.3339893456499112
53.5	-3.347167868776971
53.6	-3.360351770587276
53.7	-3.373541052046732
53.800000000000004	-3.3867357143154586
53.900000000000006	-3.3999357587489722
54.	-3.413141186899408
54.1	-3.4263520005168844
54.2	-3.4395682015507116
54.300000000000004	-3.4527897921509076
54.400000000000006	-3.4660167746694843
54.5	-3.479249151662006
54.6	-3.492486925889001
54.7	-3.5057301003176304
54.800000000000004	-3.518978678123207
54.900000000000006	-3.532232662690879
55.	-3.5454920576173325
55.1	-3.5587568667125122
55.2	-3.5720270940014864
55.300000000000004	-3.5853027437262335
55.400000000000006	-3.5985838203475793
55.5	-3.611870328547242
55.6	-3.6251622732296584
55.7	-3.6384596595243224
55.800000000000004	-3.6517624927876815
55.900000000000006	-3.665070778605495
56.	-3.678384522795066
56.1	-3.691703731407518
56.2	-3.7050284107301965
56.300000000000004	-3.718358567289224
56.400000000000006	-3.7316942078518522
56.5	-3.7450353394292013
56.6	-3.758381969278864
56.7	-3.771734104907649
56.800000000000004	-3.7850917540744153
56.900000000000006	-3.7984549247929458
57.	-3.8118236253348936
57.1	-3.8251978642328903
57.2	-3.8385776502836646
57.300000000000004	-3.851962992551166
57.400000000000006	-3.86535390037002
57.5	-3.8787503833488732
57.6	-3.8921524513737547
57.7	-3.905560114611895
57.800000000000004	-3.918973383515146
57.900000000000006	-3.932392268824084
58.	-3.945816781571449
58.1	-3.959246933086565
58.2	-3.972682734999182
58.300000000000004	-3.986124199243784
58.400000000000006	-3.9995713380638644
58.5	-4.013024164016377
58.6	-4.026482689976321
58.7	-4.039946929141463
58.800000000000004	-4.053416895036961
58.900000000000006	-4.066892601520593
59.	-4.0803740627876675
59.1	-4.093861293376208
59.2	-4.107354308172463
59.300000000000004	-4.120853122416395
59.400000000000006	-4.134357751707212
59.5	-4.14786821200939
59.6	-4.161384519658528
59.7	-4.174906691367589
59.800000000000004	-4.188434744233202
59.900000000000006	-4.201968695742178
60.	-4.215508563778219
60.1	-4.229054366628884
60.2	-4.242606122992516
60.300000000000004	-4.256163851985617
60.400000000000006	-4.269727573150426
60.5	-4.283297306462542
60.6	-4.296873072338892
60.7	-4.310454891645999
60.800000000000004	-4.324042785708215
60.900000000000006	-4.337636776316556
61.	-4.351236885737555
61.1	-4.364843136722498
61.2	-4.3784555525167494
61.300000000000004	-4.392074156869852
61.400000000000006	-4.405698974044991
61.5	-4.4193300288299415
61.6	-4.432967346547346
61.7	-4.446610953065891
61.800000000000004	-4.460260874811581
61.900000000000006	-4.473917138779409
62.	-4.487579772545399
62.1	-4.501248804279147
62.2	-4.514924262756429
62.300000000000004	-4.528606177372701
62.400000000000006	-4.542294578156457
62.5	-4.55598949578353
62.6	-4.569690961591558
62.7	-4.583399007595058
62.800000000000004	-4.597113666500765
62.900000000000006	-4.610834971723916
63.	-4.6245629574045415
63.1	-4.638297658424739
63.2	-4.652039110426261
63.300000000000004	-4.665787349828853
63.400000000000006	-4.679542413849053
63.5	-4.693304340519868
63.6	-4.707073168710812
63.7	-4.720848938148989
63.800000000000004	-4.7346316894406755
63.900000000000006	-4.748421464093614
64.	-4.762218304540395
64.1	-4.776022254162406
64.2	-4.789833357314593
64.30000000000001	-4.8036516593515355
64.4	-4.817477206653834
64.5	-4.831310046656048
64.6	-4.845150227875316
64.7	-4.858997799941232
64.80000000000001	-4.872852813626615
64.9	-4.8867153208796745
65.	-4.900585374857434
65.10000000000001	-4.914463029959943
65.2	-4.928348341866466
65.3	-4.942241367572767
65.4	-4.956142165429601
65.5	-4.970050795183346
65.60000000000001	-4.983967318017526
65.7	-4.997891796596587
65.8	-5.011824295111148
65.9	-5.025764879325047
66.	-5.0397136166244945
66.10000000000001	-5.053670576069016
66.2	-5.067635828444867
66.3	-5.081609446320196
66.4	-5.095591504103005
66.5	-5.109582078101134
66.60000000000001	-5.123581246585188
66.7	-5.137589089853884
66.8	-5.151605690302365
66.9	-5.1656311324934165
67.	-5.17966550323193
67.10000000000001	-5.193708891642453
67.2	-5.207761389250276
67.3	-5.221823090066533
67.4	-5.235894090676071
67.5	-5.24997449033051
67.60000000000001	-5.2640643910450535
67.7	-5.2781638976993115
67.8	-5.292273118143378
67.9	-5.306392163308651
68.	-5.3205211473236815
68.10000000000001	-5.334660187635272
68.2	-5.348809405135817
68.3	-5.362968924296011
68.4	-5.377138873304273
68.5	-5.391319384212539
68.60000000000001	-5.4055105930889615
68.7	-5.419712640177832
68.8	-5.433925670067654
68.9	-5.448149831865954
69.	-5.462385279383715
69.10000000000001	-5.476632171327938
69.2	-5.49089067150288
69.3	-5.505160949021514
69.4	-5.519443178526287
69.5	-5.533737540420182
69.60000000000001	-5.548044221108252
69.7	-5.562363413250091
69.8	-5.576695316023504
69.9	-5.5910401353991785
70.	-5.605398084427361
70.10000000000001	-5.61976938353595
70.2	-5.634154260840404
70.3	-5.6485529524648355
70.4	-5.662965702874978
70.5	-5.677392765221572
70.60000000000001	-5.691834401694087
70.7	-5.70629088388334
70.8	-5.720762493152698
70.9	-5.735249521014525
71.	-5.749752269511527
71.10000000000001	-5.7642710515989934
71.2	-5.778806191524849
71.3	-5.793358025203564
71.4	-5.807926900578565
71.5	-5.822513177966919
71.60000000000001	-5.837117230379139
71.7	-5.851739443805164
71.8	-5.866380217455913
71.9	-5.8810399639487985
72.	-5.895719109422903
72.10000000000001	-5.910418093567349
72.2	-5.925137369545188
72.3	-5.939877403791684
72.4	-5.9546386756644205
72.5	-5.969421676920106
72.60000000000001	-5.984226910991643
72.7	-5.9990548920372415
72.8	-6.013906143733378
72.9	-6.028781197783663
73.	-6.043680592118121
73.10000000000001	-6.058604868761066
73.2	-6.073554571351954
73.3	-6.088530242312386
73.4	-6.103532419663045
73.5	-6.118561633509615
73.60000000000001	-6.133618402231504
73.7	-6.14870322842672
73.8	-6.163816594684519
73.9	-6.1789589592759935
74.	-6.194130751869885
74.10000000000001	-6.209332369392055
74.2	-6.224564172154964
74.3	-6.239826480382776
74.4	-6.255119571248234
74.5	-6.2704436765238585
74.60000000000001	-6.285798980923046
74.7	-6.301185621179969
74.8	-6.316603685884223
74.9	-6.33205321605369
75.	-6.3475342063979845
75.10000000000001	-6.36304660720086
75.2	-6.378590326728447
75.3	-6.3941652340600905
75.4	-6.409771162231119
75.5	-6.425407911580887
75.60000000000001	-6.441075253204167
75.7	-6.456772932416352
75.8	-6.472500672155523
75.9	-6.488258176259473
76.	-6.504045132569708
76.10000000000001	-6.51986121582911
76.2	-6.535706090351313
76.3	-6.551579412450427
76.4	-6.567480832629271
76.5	-6.583409997529374
76.60000000000001	-6.599366551652776
76.7	-6.615350138867823
76.8	-6.631360403714434
76.9	-6.647396992524963
77.	-6.663459554377943
77.10000000000001	-6.67954774190067
77.2	-6.695661211937146
77.3	-6.7117996260974255
77.4	-6.72796261305636
77.5	-6.744139906693022
77.60000000000001	-6.760323669743269
77.7	-6.776513881760434
77.80000000000001	-6.792710541167934
77.9	-6.808913625794884
78.	-6.825123117951397
78.10000000000001	-6.8413390111159496
78.2	-6.857561288011654
78.30000000000001	-6.873789931300089
78.4	-6.89002493422808
78.5	-6.90626628037101
78.60000000000001	-6.92251395912941
78.7	-6.93876795791971
78.80000000000001	-6.955028252564062
78.9	-6.971294842646155
79.	-6.987567700486558
79.10000000000001	-7.003846820842567
79.2	-7.020132182209257
79.30000000000001	-7.036423776195337
79.4	-7.052721619164046
79.5	-7.069025648069564
79.60000000000001	-7.08533587377663
79.7	-7.101652282978737
79.80000000000001	-7.117974860751217
79.9	-7.13430359396804
80.	-7.15063847185007
80.10000000000001	-7.166979479296567
80.2	-7.1833266032876555
80.30000000000001	-7.19967983093125
80.4	-7.2160391493446046
80.5	-7.232404545662819
80.60000000000001	-7.248776007103879
80.7	-7.265153520951288
80.80000000000001	-7.2815370763014196
80.9	-7.297926646964035
81.	-7.314322243616015
81.10000000000001	-7.330723840889079
81.2	-7.347131425687239
81.30000000000001	-7.3635449833290645
81.4	-7.379964512105655
81.5	-7.3963899987680986
81.60000000000001	-7.412821417793242
81.7	-7.42925876365348
81.80000000000001	-7.445702023807157
81.9	-7.462151130707065
82.	-7.478606216449094
82.10000000000001	-7.495067147999465
82.2	-7.5115339476492
82.30000000000001	-7.528006601319832
82.4	-7.544485097065303
82.5	-7.560969422902473
82.60000000000001	-7.577459566857787
82.7	-7.593955516984575
82.80000000000001	-7.610457261401064
82.9	-7.626964788246243
83.	-7.643478085726119
83.10000000000001	-7.659997142045804
83.2	-7.676521945475764
83.30000000000001	-7.693052484311617
83.4	-7.709588746885409
83.5	-7.726130721599976
83.60000000000001	-7.742678396851993
83.7	-7.759231761081975
83.80000000000001	-7.7757908027996345
83.9	-7.792355510528139
84.	-7.8089258728245285
84.10000000000001	-7.825501878288311
84.2	-7.842083515551303
84.30000000000001	-7.858670773297784
84.4	-7.875263640229917
84.5	-7.891862105098674
84.60000000000001	-7.9084661566677
84.7	-7.925075783776711
84.80000000000001	-7.941690975270496
84.9	-7.958311720025977
85.	-7.974938006988879
85.10000000000001	-7.99156982509873
85.2	-8.008207163355774
85.30000000000001	-8.024850010788366
85.4	-8.04149835646049
85.5	-8.05815218946826
85.60000000000001	-8.074811498945678
85.7	-8.091476274071724
85.80000000000001	-8.108146504031035
85.9	-8.12482217806357
86.	-8.14150328543466
86.10000000000001	-8.158189815460181
86.2	-8.174881757460032
86.30000000000001	-8.191579100814181
86.4	-8.208281834918324
86.5	-8.224989949218305
86.60000000000001	-8.241703433180135
86.7	-8.258422276298667
86.80000000000001	-8.27514646810884
86.9	-8.29187599819399
87.	-8.308610856138895
87.10000000000001	-8.325351031579352
87.2	-8.342096487543206
87.30000000000001	-8.358847269116243
87.4	-8.375603335793144
87.5	-8.392364678930253
87.60000000000001	-8.409131288162868
87.7	-8.425903153333433
87.80000000000001	-8.442680264275351
87.9	-8.459462610918749
88.	-8.476250183136173
88.10000000000001	-8.493042970899864
88.2	-8.50984096418905
88.30000000000001	-8.526644153014097
88.4	-8.543452527417578
88.5	-8.560266077466189
88.60000000000001	-8.577084793273361
88.7	-8.593908664950671
88.80000000000001	-8.61073768267422
88.9	-8.627571836641865
89.	-8.644411117059192
89.10000000000001	-8.661255514201493
89.2	-8.678105018330502
89.30000000000001	-8.694959619770628
89.4	-8.711819308853288
89.5	-8.728684075953577
89.60000000000001	-8.745553911430893
89.7	-8.762428805737754
89.80000000000001	-8.779308749350824
89.9	-8.796193732741095
90.	-8.813083746432632
90.10000000000001	-8.829978780959287
90.2	-8.84687882689498
90.30000000000001	-8.86378387484287
90.4	-8.8806939154215
90.5	-8.897608939295871
90.60000000000001	-8.914528937317593
90.7	-8.931453901462492
90.80000000000001	-8.948383820396408
90.9	-8.965318685489976
91.	-8.98225848731084
91.10000000000001	-8.999203189490682
91.2	-9.016152838585773
91.30000000000001	-9.033107395776465
91.4	-9.050066853466786
91.5	-9.067031202449245
91.60000000000001	-9.084000433749004
91.7	-9.100974538350009
91.80000000000001	-9.117953507279967
91.9	-9.134937331564553
92.	-9.151926002262805
92.10000000000001	-9.168919510456607
92.2	-9.185917847293446
92.30000000000001	-9.202921003880618
92.4	-9.219928971393646
92.5	-9.236941741038807
92.60000000000001	-9.253959304015954
92.7	-9.270981651587448
92.80000000000001	-9.288008775010827
92.9	-9.305040665586954
93.	-9.322077314638271
93.10000000000001	-9.339118713513006
93.2	-9.356164853583387
93.30000000000001	-9.3732157262335
93.4	-9.390271322901219
93.5	-9.407331635022917
93.60000000000001	-9.424396654076144
93.7	-9.44146637155031
93.80000000000001	-9.458540778974918
93.9	-9.475619867897063
94.	-9.492703629866938
94.10000000000001	-9.509792056501272
94.2	-9.52688513941267
94.30000000000001	-9.543982870238041
94.4	-9.561085240636292
94.5	-9.578192242320096
94.60000000000001	-9.595303866981027
94.7	-9.612420106367324
94.80000000000001	-9.629540952248217
94.9	-9.646666396393488
95.	-9.663796430613223
95.10000000000001	-9.680931046761376
95.2	-9.698070236664968
95.30000000000001	-9.715213992217233
95.4	-9.732362305313856
95.5	-9.749515167883224
95.60000000000001	-9.766672571874047
95.7	-9.783834509255376
95.80000000000001	-9.801000972012591
95.9	-9.818171952175273
96.	-9.835347441767972
96.10000000000001	-9.852527432862653
96.2	-9.869711917531841
96.30000000000001	-9.886900887896584
96.4	-9.904094336070177
96.5	-9.921292211272391
96.60000000000001	-9.93849463527577
96.7	-9.955701469061257
96.80000000000001	-9.97291275022737
96.9	-9.9901284701544
97.	-10.007348621123956
97.10000000000001	-10.024573154202262
97.2	-10.041802146234552
97.30000000000001	-10.059035583910305
97.4	-10.076273340922722
97.5	-10.093515533825162
97.60000000000001	-10.110762109876166
97.7	-10.128013063450627
97.80000000000001	-10.145268386907404
97.9	-10.16252807269965
98.	-10.17979211331177
98.10000000000001	-10.197060501209462
98.2	-10.21433322894363
98.30000000000001	-10.23161028901115
98.4	-10.248891673983866
98.5	-10.266177376442727
98.60000000000001	-10.283467388972088
98.7	-10.300761704205488
98.80000000000001	-10.318060314758014
98.9	-10.335363213302944
99.	-10.352670392501178
99.10000000000001	-10.369981845069919
99.2	-10.387297563709144
99.30000000000001	-10.404617541165043
99.4	-10.421941770183592
99.5	-10.439270243549249
99.60000000000001	-10.45660295406207
99.7	-10.473939894532045
99.80000000000001	-10.49128105779694
99.9	-10.508626436707534
100.	-10.525976024137448
100.10000000000001	-10.543329812989864
100.2	-10.560687796162277
100.30000000000001	-10.578049966604539
100.4	-10.595416317247782
100.5	-10.612786841072722
100.60000000000001	-10.63016153108132
100.7	-10.647540380252623
100.80000000000001	-10.664923381631194
100.9	-10.682310528274826
101.	-10.699701813219361
101.10000000000001	-10.717097229560599
101.2	-10.734496770405697
101.30000000000001	-10.751900428866175
101.4	-10.76930819808699
101.5	-10.786720071212928
101.60000000000001	-10.80413604143483
101.7	-10.821556101939317
101.80000000000001	-10.838980245930959
101.9	-10.85640846664734
102.	-10.873840757334522
102.10000000000001	-10.891277111256949
102.2	-10.908717521696726
102.30000000000001	-10.926161981952426
102.4	-10.943610485346728
102.5	-10.961063025214784
102.60000000000001	-10.978519594917888
102.7	-10.995980187817466
102.80000000000001	-11.013444797307143
102.9	-11.030913416794876
103.	-11.048386039699604
103.10000000000001	-11.06586265946915
103.2	-11.083343269558423
103.30000000000001	-11.100827863444923
103.4	-11.118316434617032
103.5	-11.135808976588631
103.60000000000001	-11.153305482886498
103.7	-11.170805947055666
103.80000000000001	-11.18831036265366
103.9	-11.205818723263608
104.	-11.223331022482764
104.10000000000001	-11.240847253908544
104.2	-11.258367411170605
104.30000000000001	-11.275891487923431
104.4	-11.293419477825994
104.5	-11.310951374554858
104.60000000000001	-11.328487171796443
104.7	-11.346026863270435
104.80000000000001	-11.363570442694646
104.9	-11.381117903823377
105.	-11.398669240403272
105.10000000000001	-11.416224446213835
105.2	-11.433783515050328
105.30000000000001	-11.451346440714369
105.4	-11.468913217036167
105.5	-11.48648383783917
105.60000000000001	-11.504058296995243
105.7	-11.521636588366999
105.80000000000001	-11.539218705833843
105.9	-11.556804643314337
106.	-11.57439439471014
106.10000000000001	-11.591987953966571
106.2	-11.609585315025194
106.30000000000001	-11.62718647184833
106.4	-11.644791418420187
106.5	-11.662400148732708
106.60000000000001	-11.680012656801896
106.7	-11.697628936641628
106.80000000000001	-11.715248982302713
106.9	-11.732872787837906
107.	-11.750500347318855
107.10000000000001	-11.768131654823616
107.2	-11.785766704459537
107.30000000000001	-11.80340549034224
107.4	-11.82104800660477
107.5	-11.838694247383142
107.60000000000001	-11.856344206849098
107.7	-11.873997879164685
107.80000000000001	-11.891655258535902
107.9	-11.909316339158025
108.	-11.926981115242988
108.10000000000001	-11.944649581030724
108.2	-11.962321730767387
108.30000000000001	-11.979997558714961
108.4	-11.997677059153212
108.5	-12.01536022637387
108.60000000000001	-12.033047054671835
108.7	-12.050737538374683
108.80000000000001	-12.068431671817923
108.9	-12.086129449341673
109.	-12.103830865313892
109.10000000000001	-12.121535914104765
109.2	-12.13924459010515
109.30000000000001	-12.156956887723485
109.4	-12.174672801375204
109.5	-12.192392325482256
109.60000000000001	-12.21011545450475
109.7	-12.227842182892845
109.80000000000001	-12.245572505120906
109.9	-12.263306415671202
110.	-12.281043909048602
110.10000000000001	-12.29878497976744
110.2	-12.316529622346707
110.30000000000001	-12.33427783133579
110.4	-12.35202960128646
110.5	-12.369784926761152
110.60000000000001	-12.3875438023361
110.7	-12.405306222618686
110.80000000000001	-12.423072182210163
110.9	-12.440841675726968
111.	-12.458614697802963
111.10000000000001	-12.476391243087562
111.2	-12.494171306239897
111.30000000000001	-12.511954881931064
111.4	-12.529741964846608
111.5	-12.547532549683917
111.60000000000001	-12.565326631155425
111.7	-12.583124203990106
111.80000000000001	-12.60092526302628
111.9	-12.61872980294832
112.	-12.636537818468472
112.10000000000001	-12.654349304366722
112.2	-12.672164255431596
112.30000000000001	-12.689982666465731
112.4	-12.707804532282184
112.5	-12.725629847703162
112.60000000000001	-12.743458607566563
112.7	-12.761290806730473
112.80000000000001	-12.779126440043214
112.9	-12.796965502396132
113.	-12.814807988660984
113.10000000000001	-12.832653893747823
113.2	-12.850503212567155
113.30000000000001	-12.868355940042488
113.4	-12.886212071105444
113.5	-12.90407160070777
113.60000000000001	-12.921934523812943
113.7	-12.9398008353899
113.80000000000001	-12.957670530423554
113.9	-12.97554360390702
114.	-12.993420050855828
114.10000000000001	-13.011299866284453
114.2	-13.029183045226283
114.30000000000001	-13.047069582725474
114.4	-13.064959473833008
114.5	-13.082852713624685
114.60000000000001	-13.100749297172822
114.7	-13.118649187902442
114.80000000000001	-13.136552462552421
114.9	-13.154459030501421
115.	-13.17236894084591
115.10000000000001	-13.190282169340524
115.2	-13.208198711983183
115.30000000000001	-13.226118564580588
115.4	-13.244041736391859
115.5	-13.261968191497814
115.60000000000001	-13.279897950787348
115.7	-13.297830994609981
115.80000000000001	-13.315767323962188
115.9	-13.33370693378949
116.	-13.35164981765085
116.10000000000001	-13.369595948682296
116.2	-13.387545355890833
116.30000000000001	-13.405498087272186
116.4	-13.42345398116603
116.5	-13.441413221526036
116.60000000000001	-13.459375619837203
116.7	-13.477341350299175
116.80000000000001	-13.49531023055387
116.9	-13.513282432738094
117.	-13.531257775934773
117.10000000000001	-13.549236431666088
117.2	-13.567218218630275
117.30000000000001	-13.585203310174826
117.4	-13.603191522129531
117.5	-13.621183030748764
117.60000000000001	-13.639177649557197
117.7	-13.657175556702676
117.80000000000001	-13.675176564233062
117.9	-13.693180851488208
118.	-13.711188229650237
118.10000000000001	-13.729198878715305
118.2	-13.747212609459295
118.30000000000001	-13.7652296021776
118.4	-13.783249667501497
118.5	-13.801272985808886
118.60000000000001	-13.81929936778793
118.7	-13.837328993682448
118.80000000000001	-13.855361674460713
118.9	-13.873397590073644
119.	-13.89143655185794
119.10000000000001	-13.909478739403731
119.2	-13.927523964483388
119.30000000000001	-13.945572406273094
119.4	-13.96362387698159
119.5	-13.981678555409431
119.60000000000001	-13.999736258852085
119.7	-14.017797146030126
119.80000000000001	-14.03586107247521
119.9	-14.053928150348014
120.	-14.071998278584672
120.10000000000001	-14.09007155146538
120.2	-14.10814784046046
120.30000000000001	-14.126227265862717
120.4	-14.144309748711263
120.5	-14.162395305945882
120.60000000000001	-14.180483930413759
120.7	-14.19857561884313
120.80000000000001	-14.216670366961463
120.9	-14.23476817064498
121.	-14.252869025690178
121.10000000000001	-14.270972927893851
121.2	-14.289079872736805
121.30000000000001	-14.307189856384788
121.4	-14.325302874690918
121.5	-14.343418923336964
121.60000000000001	-14.361537998092537
121.7	-14.37966009474306
121.80000000000001	-14.397785209078823
121.9	-14.415913336884662
122.	-14.434044473921638
122.10000000000001	-14.452178615911592
122.2	-14.470315758505528
122.30000000000001	-14.488455897143599
122.4	-14.506599026809033
122.5	-14.524745018587174
122.60000000000001	-14.542894247732741
122.7	-14.561046346972148
122.80000000000001	-14.579201411605364
122.9	-14.597359322225117
123.	-14.615520447629827
123.10000000000001	-14.63368442627618
123.2	-14.651851234644415
123.30000000000001	-14.67002123716829
123.4	-14.688194085741053
123.5	-14.706369759935477
123.60000000000001	-14.724548591397841
123.7	-14.742730294116864
123.80000000000001	-14.760914904625801
123.9	-14.77910244789579
124.	-14.797292918630472
124.10000000000001	-14.81548631376085
124.2	-14.833682628852333
124.30000000000001	-14.85188185922955
124.4	-14.87008398841362
124.5	-14.888289039867958
124.60000000000001	-14.90649699673687
124.7	-14.924707863236902
124.80000000000001	-14.942921619557143
124.9	-14.961138270450693
125.	-14.97935780852518
125.10000000000001	-14.997580231212456
125.2	-15.015805534671735
125.30000000000001	-15.03403371517004
125.4	-15.052264768874416
125.5	-15.070498691861719
125.60000000000001	-15.0887354800617
125.7	-15.10697512895467
125.80000000000001	-15.125217633759238
125.9	-15.143462995296959
126.	-15.16171121778535
126.10000000000001	-15.1799622771536
126.2	-15.198216179903842
126.30000000000001	-15.216472934150918
126.4	-15.234732508634343
126.5	-15.252994922219301
126.60000000000001	-15.271260160728136
126.7	-15.289528231779745
126.80000000000001	-15.307799110858557
126.9	-15.32607282089788
127.	-15.344349327633552
127.10000000000001	-15.36262866344809
127.2	-15.38091078184926
127.30000000000001	-15.399195728397022
127.4	-15.417483443801238
127.5	-15.435773986336223
127.60000000000001	-15.454067283989996
127.7	-15.472363407760843
127.80000000000001	-15.490662273024768
127.9	-15.508963963364343
128.	-15.527268381633942
128.10000000000002	-15.545575623962685
128.2	-15.563885580672654
128.3	-15.582198360502012
128.4	-15.600513841755145
128.5	-15.61883214330274
128.60000000000002	-15.637153136382278
128.7	-15.655476943239146
128.8	-15.673803434873662
128.9	-15.692132732667002
129.	-15.710464708545878
129.1	-15.728799483004327
129.20000000000002	-15.747136928887716
129.3	-15.765477165798565
129.4	-15.783820067484601
129.5	-15.802165752675805
129.6	-15.82051409604163
129.70000000000002	-15.838865215421142
129.8	-15.857218986394912
129.9	-15.875575525920944
130.	-15.89393471047754
130.1	-15.912296656167992
130.20000000000002	-15.930661240362824
130.3	-15.949028578286862
130.4	-15.96739854822161
130.5	-15.985771264537393
130.6	-16.00414660634662
130.70000000000002	-16.022524687228515
130.8	-16.04090538715997
130.9	-16.059288818861532
131.	-16.077674863166923
131.1	-16.096063631989214
131.20000000000002	-16.114455007009816
131.3	-16.13284909932583
131.4	-16.151245791436317
131.5	-16.16964519365842
131.6	-16.18804718930251
131.70000000000002	-16.20645188793112
131.8	-16.224859173598325
131.9	-16.243269155116966
132.	-16.26168171738533
132.1	-16.280096968401118
132.20000000000002	-16.2985147938666
132.3	-16.31693530102111
132.4	-16.33535837634475
132.5	-16.353784070016893
132.6	-16.37221241655494
132.70000000000002	-16.39064333443166
132.8	-16.409076942685957
132.9	-16.42751300068597
133.	-16.445951867809235
133.1	-16.464393238827757
133.20000000000002	-16.482837214374378
133.3	-16.501283746475977
133.4	-16.519732937070415
133.5	-16.53818460561451
133.6	-16.55663895366146
133.70000000000002	-16.575095920709764
133.8	-16.59355542723405
133.9	-16.612017457389847
134.	-16.63048205695216
134.1	-16.648949258741553
134.20000000000002	-16.667418978966
134.3	-16.685891353926827
134.4	-16.704366218908177
134.5	-16.7228435926116
134.6	-16.74132357533305
134.70000000000002	-16.759806112101806
134.8	-16.778291183319663
134.9	-16.796778817459913
135.	-16.815268949122636
135.1	-16.833761692916017
135.20000000000002	-16.852256944235453
135.3	-16.870754688775296
135.4	-16.889255022449227
135.5	-16.90775781471772
135.6	-16.926263167103382
135.70000000000002	-16.944770986638655
135.8	-16.963281320360586
135.9	-16.98179419724685
136.	-17.000309537130633
136.1	-17.018827471546278
136.20000000000002	-17.037347841194062
136.3	-17.055870677284673
136.4	-17.074396022896202
136.5	-17.092923947476635
136.6	-17.11145431671997
136.70000000000002	-17.12998719583672
136.8	-17.148522538834868
136.9	-17.167060329443185
137.	-17.185600591773948
137.1	-17.204143360738286
137.20000000000002	-17.222688548390018
137.3	-17.241236211713435
137.4	-17.25978643738043
137.5	-17.278339118598005
137.6	-17.29689418468834
137.70000000000002	-17.31545170366272
137.8	-17.334011707019037
137.9	-17.352574111762287
138.	-17.371138958900364
138.1	-17.3897063740543
138.20000000000002	-17.408276159289407
138.3	-17.42684834089426
138.4	-17.445422926315423
138.5	-17.464000121397127
138.6	-17.482579508118008
138.70000000000002	-17.501161583996748
138.8	-17.519745960808763
138.9	-17.538332727653795
139.	-17.556921907900225
139.1	-17.575513532325086
139.20000000000002	-17.594107524904285
139.3	-17.612703905061192
139.4	-17.631302848465424
139.5	-17.649904010747974
139.6	-17.668507726990242
139.70000000000002	-17.68711380557233
139.8	-17.705722243857593
139.9	-17.724333078982745
140.	-17.742946288594652
140.1	-17.761561874229074
140.20000000000002	-17.780179871228803
140.3	-17.798800206935425
140.4	-17.817422892538655
140.5	-17.83604812009299
140.6	-17.854675489774685
140.70000000000002	-17.873305487002167
140.8	-17.89193772407981
140.9	-17.910572303261766
141.	-17.92920923672436
141.1	-17.947848559468337
141.20000000000002	-17.966490145305308
141.3	-17.985134228421238
141.4	-18.00378063016246
141.5	-18.022429333991454
141.6	-18.04108037282786
141.70000000000002	-18.05973378761928
141.8	-18.078389523665088
141.9	-18.097047495462384
142.	-18.115708006190548
142.1	-18.134370603241123
142.20000000000002	-18.153035818608302
142.3	-18.171703196346417
142.4	-18.19037288763559
142.5	-18.209044934462295
142.6	-18.227719266509393
142.70000000000002	-18.2463959126176
142.8	-18.265074875677925
142.9	-18.283756173247212
143.	-18.302439752423794
143.1	-18.321125668859466
143.20000000000002	-18.33981385220731
143.3	-18.358504346250292
143.4	-18.37719711184105
143.5	-18.395892165867036
143.6	-18.41458954595145
143.70000000000002	-18.433289170365367
143.8	-18.451991137315503
143.9	-18.47069533887209
144.	-18.489401814088005
144.1	-18.508110602200766
144.20000000000002	-18.52682166051565
144.3	-18.545534955924605
144.4	-18.564250520579503
144.5	-18.58296838695889
144.6	-18.601688468415308
144.70000000000002	-18.62041088266406
144.8	-18.639135494615132
144.9	-18.657862361836994
145.	-18.676591517582516
145.1	-18.695322917931314
145.20000000000002	-18.71405653536612
145.3	-18.732792397753283
145.4	-18.751530538235997
145.5	-18.770270911616315
145.6	-18.789013493763385
145.70000000000002	-18.807758310006285
145.8	-18.82650539389816
145.9	-18.84525465116824
146.	-18.864006073822566
146.1	-18.882759959922453
146.20000000000002	-18.901515916806183
146.3	-18.920274086926028
146.4	-18.939034509370053
146.5	-18.95779708640242
146.6	-18.976561837222413
146.70000000000002	-18.99532899493517
146.8	-19.014098241644227
146.9	-19.032869682790746
147.	-19.051643309136146
147.1	-19.070419193755264
147.20000000000002	-19.089197226009922
147.3	-19.107977450528843
147.4	-19.126759901171724
147.5	-19.145544480856366
147.6	-19.164331220389585
147.70000000000002	-19.183120320270227
147.8	-19.201911501873756
147.9	-19.220704841414168
148.	-19.23950035556925
148.1	-19.25829807797198
148.20000000000002	-19.277097961522074
148.3	-19.295899993672602
148.4	-19.314704190594924
148.5	-19.333510585696075
148.6	-19.35231913181885
148.70000000000002	-19.371129817612477
148.8	-19.389942658290668
148.9	-19.408757687045068
149.	-19.427574857052935
149.1	-19.44639415755461
149.20000000000002	-19.465215603254002
149.3	-19.48403922694432
149.4	-19.50286498233992
149.5	-19.521692858947468
149.6	-19.540522871158657
149.70000000000002	-19.559355051513563
149.8	-19.578189353749494
149.9	-19.597025768345528
150.	-19.61586430890732
150.1	-19.63470500772954
150.20000000000002	-19.65354781892846
150.3	-19.67239273342059
150.4	-19.691239764416913
150.5	-19.710088943846003
150.6	-19.728940177434648
150.70000000000002	-19.74779351883265
150.8	-19.76664906769672
150.9	-19.785506601185247
151.	-19.80436642041825
151.1	-19.823228233915877
151.20000000000002	-19.842092142835952
151.3	-19.860958117713103
151.4	-19.879826153144275
151.5	-19.89869646165686
151.6	-19.91756875326128
151.70000000000002	-19.936443130067133
151.8	-19.955319602401282
151.9	-19.974198141839864
152.	-19.993078760764405
152.1	-20.011961489673347
152.20000000000002	-20.030846284598937
152.3	-20.049733138167728
152.4	-20.068622062018825
152.5	-20.087513086167135
152.6	-20.106406167816704
152.70000000000002	-20.125301298745974
152.8	-20.144198491593116
152.9	-20.163097773618823
153.	-20.18199906604749
153.1	-20.200902374845256
153.20000000000002	-20.219807922776972
153.3	-20.238715409560534
153.4	-20.25762491356781
153.5	-20.27653644303111
153.6	-20.295450139938698
153.70000000000002	-20.31436573494768
153.8	-20.333283572155025
153.9	-20.35220332201976
154.	-20.371125106366303
154.1	-20.390048947026532
154.20000000000002	-20.408974793646422
154.3	-20.427902708184916
154.4	-20.44683262156387
154.5	-20.46576444528433
154.60000000000002	-20.484698502374357
154.70000000000002	-20.50363445404433
154.8	-20.52257255103338
154.9	-20.5415125683786
155.	-20.56045450358218
155.10000000000002	-20.579398675476654
155.20000000000002	-20.59834473436849
155.3	-20.617292703406726
155.4	-20.636242898847406
155.5	-20.655194977065307
155.60000000000002	-20.67414896055489
155.70000000000002	-20.693105160115387
155.8	-20.71206323831806
155.9	-20.731023216992703
156.	-20.74998540132528
156.10000000000002	-20.76894946098495
156.20000000000002	-20.787915503386497
156.3	-20.806883562762977
156.4	-20.82585359283383
156.5	-20.844825595673715
156.60000000000002	-20.86379948820072
156.70000000000002	-20.88277556295532
156.8	-20.901753504893577
156.9	-20.92073340114788
157.	-20.939715189874576
157.10000000000002	-20.958699149273144
157.20000000000002	-20.977684928649346
157.3	-20.99667278198163
157.4	-21.015662471564028
157.5	-21.034654300151317
157.60000000000002	-21.053647978022717
157.70000000000002	-21.072643602848416
157.8	-21.091641184077176
157.9	-21.110640684746357
158.	-21.12964223990458
158.10000000000002	-21.148645622371482
158.20000000000002	-21.167651122825493
158.3	-21.186658463036853
158.4	-21.20566772595401
158.5	-21.22467885915594
158.60000000000002	-21.243692154000364
158.70000000000002	-21.262707250245363
158.8	-21.28172420362224
158.9	-21.300743274807353
159.	-21.319764168895887
159.10000000000002	-21.338786917008427
159.20000000000002	-21.35781173868199
159.3	-21.376838350742982
159.4	-21.3958670652462
159.5	-21.41489758824858
159.60000000000002	-21.433929953705956
159.70000000000002	-21.45296437841317
159.8	-21.472000587621437
159.9	-21.49103888486657
160.	-21.51007898319704
160.10000000000002	-21.529120916015437
160.20000000000002	-21.548164893574643
160.3	-21.56721065017107
160.4	-21.586258480126
160.5	-21.60530810468577
160.60000000000002	-21.624359540983725
160.70000000000002	-21.643413066253935
160.8	-21.662468383247695
160.9	-21.681525487954353
161.	-21.70058467249616
161.10000000000002	-21.71964563248815
161.20000000000002	-21.73870859067062
161.3	-21.757773349950007
161.4	-21.776839925249675
161.5	-21.795908510315513
161.60000000000002	-21.81497885868988
161.70000000000002	-21.834051244021385
161.8	-21.85312540670406
161.9	-21.87220142612374
162.	-21.891279338852307
162.10000000000002	-21.91035911849243
162.20000000000002	-21.929440667739165
162.3	-21.948524276528232
162.4	-21.967609605158923
162.5	-21.986696900990708
162.60000000000002	-22.005785938290803
162.70000000000002	-22.024876993889563
162.8	-22.04396980680867
162.9	-22.06306437538179
163.	-22.082161009367514
163.10000000000002	-22.101259377405842
163.20000000000002	-22.12035953120856
163.3	-22.139461648719372
163.4	-22.15856550756793
163.5	-22.177671326960244
163.60000000000002	-22.196778860798737
163.70000000000002	-22.215888398034533
163.8	-22.234999670379544
163.9	-22.254112716119423
164.	-22.2732277083397
164.10000000000002	-22.29234443323326
164.20000000000002	-22.311463100840022
164.3	-22.330583474280882
164.4	-22.34970583347303
164.5	-22.368829918007627
164.60000000000002	-22.38795575524555
164.70000000000002	-22.407083540881715
164.8	-22.426213032025245
164.9	-22.445344450979185
165.	-22.464477674689043
165.10000000000002	-22.483612652611704
165.20000000000002	-22.50274937198154
165.3	-22.521888076884352
165.4	-22.54102852773397
165.5	-22.560170757154097
165.60000000000002	-22.57931481098463
165.70000000000002	-22.598460652708695
165.8	-22.61760829737112
165.9	-22.63675773510967
166.	-22.65590889151481
166.10000000000002	-22.67506197313095
166.20000000000002	-22.694216839586808
166.3	-22.713373438833326
166.4	-22.732531762435737
166.5	-22.751692040478176
166.60000000000002	-22.770854048266035
166.70000000000002	-22.790017809819652
166.8	-22.80918334423479
166.9	-22.828350707636815
167.	-22.847519779512215
167.10000000000002	-22.866690716484193
167.20000000000002	-22.88586338065238
167.3	-22.90503780193314
167.4	-22.9242140161134
167.5	-22.94339199652677
167.60000000000002	-22.962571754417603
167.70000000000002	-22.981753259952622
167.8	-23.000936567389445
167.9	-23.02012160468312
168.	-23.03930840369864
168.10000000000002	-23.05849699189642
168.20000000000002	-23.077687318689243
168.3	-23.096879412274895
168.4	-23.116073215663263
168.5	-23.13526884078926
168.60000000000002	-23.15446609740971
168.70000000000002	-23.173665245259585
168.8	-23.192866116717774
168.9	-23.212068643975943
169.	-23.23127301040892
169.10000000000002	-23.250479103646313
169.20000000000002	-23.269686915705194
169.3	-23.28889647791624
169.4	-23.308107689324345
169.5	-23.327320800545607
169.60000000000002	-23.346535558577365
169.70000000000002	-23.365751970811516
169.8	-23.384970280982618
169.9	-23.404190230103552
170.	-23.4234118691328
170.10000000000002	-23.4426353224219
170.20000000000002	-23.461860448728295
170.3	-23.481087302299837
170.4	-23.50031579767292
170.5	-23.519546171673014
170.60000000000002	-23.538778178380944
170.70000000000002	-23.55801181604172
170.8	-23.577247313542955
170.9	-23.596484492074126
171.	-23.615723328233273
171.10000000000002	-23.634963923770567
171.20000000000002	-23.654206184644693
171.3	-23.67345017722169
171.4	-23.69269584157572
171.5	-23.711943266025024
171.60000000000002	-23.731192252102154
171.70000000000002	-23.750443120663864
171.8	-23.76969562593049
171.9	-23.78894981427174
172.	-23.808205588746485
172.10000000000002	-23.827463234090843
172.20000000000002	-23.84672251267841
172.3	-23.865983456855176
172.4	-23.885246103193865
172.5	-23.90451031419644
172.60000000000002	-23.92377640739452
172.70000000000002	-23.943044112063856
172.8	-23.962313488239516
172.9	-23.981584460186593
173.	-24.00085726694391
173.10000000000002	-24.020131666090634
173.20000000000002	-24.03940774450585
173.3	-24.058685406392897
173.4	-24.077964889634465
173.5	-24.097246004529882
173.60000000000002	-24.116528748797528
173.70000000000002	-24.135813180411926
173.8	-24.155099257126146
173.9	-24.174387035011943
174.	-24.193676435084434
174.10000000000002	-24.212967518512002
174.20000000000002	-24.23226026712414
174.3	-24.25155465516986
174.4	-24.270850703163347
174.5	-24.290148314995843
174.60000000000002	-24.30944773112624
174.70000000000002	-24.32874875684532
174.8	-24.348051397583696
174.9	-24.36735560399613
175.	-24.386661637886725
175.10000000000002	-24.405969243243984
175.20000000000002	-24.42527848077735
175.3	-24.44458933941884
175.4	-24.463901862313904
175.5	-24.483216026949226
175.60000000000002	-24.502531787879047
175.70000000000002	-24.5218492361479
175.8	-24.541168276009426
175.9	-24.56048897810806
176.	-24.579811305022282
176.10000000000002	-24.59913525711517
176.20000000000002	-24.618460802264263
176.3	-24.63778803290883
176.4	-24.65711686072857
176.5	-24.676447213465316
176.60000000000002	-24.695779357028584
176.70000000000002	-24.715113064577668
176.8	-24.73444837684724
176.9	-24.75378527190037
177.	-24.77312384292894
177.10000000000002	-24.792463991269035
177.20000000000002	-24.81180576087217
177.3	-24.8311491408805
177.4	-24.85049408511547
177.5	-24.869840687677502
177.60000000000002	-24.889188914971356
177.70000000000002	-24.908538683174445
177.8	-24.92789009464466
177.9	-24.94724313409593
178.	-24.96659773541799
178.10000000000002	-24.98595394552318
178.20000000000002	-25.005311737241016
178.3	-25.024671137315003
178.4	-25.04403212933546
178.5	-25.06339471858646
178.60000000000002	-25.082758887567913
178.70000000000002	-25.10212466978468
178.8	-25.121492027443168
178.9	-25.140860956940152
179.	-25.16023148525469
179.10000000000002	-25.179603592806885
179.20000000000002	-25.19897729215758
179.3	-25.218352548804695
179.4	-25.237729428753326
179.5	-25.257107862143258
179.60000000000002	-25.276487845341876
179.70000000000002	-25.29586944632722
179.8	-25.315252603979893
179.9	-25.33463731444867
180.	-25.354023625795136
180.10000000000002	-25.373411497588997
180.20000000000002	-25.39280091818114
180.3	-25.412191927552804
180.4	-25.431584504643425
180.5	-25.450978526693262
180.60000000000002	-25.470374305509395
180.70000000000002	-25.489771570465017
180.8	-25.509170385664163
180.9	-25.528570740662936
181.	-25.547972671903516
181.10000000000002	-25.567376135009596
181.20000000000002	-25.586781194357247
181.3	-25.606187781781134
181.4	-25.62559589424128
181.5	-25.64500559623324
181.60000000000002	-25.66441683021931
181.70000000000002	-25.683829594347117
181.8	-25.703243925321402
181.9	-25.722659770900464
182.	-25.74207717771722
182.10000000000002	-25.761496129455264
182.20000000000002	-25.780916648495705
182.3	-25.800338669788328
182.4	-25.81976223398639
182.5	-25.83918733115133
182.60000000000002	-25.85861396310363
182.70000000000002	-25.878042125624773
182.8	-25.897471820940083
182.9	-25.9169030434051
183.	-25.936335796257634
183.10000000000002	-25.955770073637897
183.20000000000002	-25.975205878160878
183.3	-25.994643204742808
183.4	-26.014082055498378
183.5	-26.03352242583128
183.60000000000002	-26.052964317255263
183.70000000000002	-26.072407725814166
183.8	-26.091852652422077
183.9	-26.11129909371904
184.	-26.13074705003062
184.10000000000002	-26.150196518579037
184.20000000000002	-26.169647499137284
184.3	-26.189099989466477
184.4	-26.20855398884408
184.5	-26.22800949546513
184.60000000000002	-26.24746650827665
184.70000000000002	-26.266925025733947
184.8	-26.28638504658381
184.9	-26.305846569436454
185.	-26.32530959294874
185.10000000000002	-26.344774115780936
185.20000000000002	-26.364240136579166
185.3	-26.383707654002905
185.4	-26.403176666713016
185.5	-26.422647173367654
185.60000000000002	-26.4421191726277
185.70000000000002	-26.461592663160197
185.8	-26.481067643629856
185.9	-26.500544112700624
186.	-26.520022069040113
186.10000000000002	-26.539501511318846
186.20000000000002	-26.558982438191652
186.3	-26.57846484830243
186.4	-26.59794874018305
186.5	-26.61743411172606
186.60000000000002	-26.63692096642246
186.70000000000002	-26.6564092962466
186.8	-26.675899102878198
186.9	-26.695390384224368
187.	-26.714883141575587
187.10000000000002	-26.7343773690166
187.20000000000002	-26.75387307341878
187.3	-26.77337024229452
187.4	-26.792868880881016
187.5	-26.81236899074358
187.60000000000002	-26.831870563573865
187.70000000000002	-26.851373600839878
187.8	-26.87087810439973
187.9	-26.89038406756057
188.	-26.909891495071268
188.10000000000002	-26.929400379664685
188.20000000000002	-26.948910722757844
188.3	-26.968422525991013
188.4	-26.987935782202854
188.5	-27.007450492836792
188.60000000000002	-27.026966660585078
188.70000000000002	-27.046484276767664
188.8	-27.066003342991927
188.9	-27.085523864499777
189.	-27.10504582782829
189.10000000000002	-27.124569241082945
189.20000000000002	-27.144094099024528
189.3	-27.163620403689556
189.4	-27.183148147975665
189.5	-27.202677301171136
189.60000000000002	-27.22220795142743
189.70000000000002	-27.241740035823646
189.8	-27.26127354076626
189.9	-27.28080848440254
190.	-27.30034486271077
190.10000000000002	-27.319882677490117
190.20000000000002	-27.339421921126032
190.3	-27.358962571389075
190.4	-27.378504693585185
190.5	-27.398048251548175
190.60000000000002	-27.417593213914603
190.70000000000002	-27.437139610894153
190.8	-27.456687427391003
190.9	-27.4762366714249
191.	-27.49578733668216
191.10000000000002	-27.51533942801636
191.20000000000002	-27.53489293529506
191.3	-27.554447864430806
191.4	-27.574004210433884
191.5	-27.593561976387143
191.60000000000002	-27.613121153542515
191.70000000000002	-27.63268175143362
191.8	-27.6522437563261
191.9	-27.671807177256138
192.	-27.691372005073298
192.10000000000002	-27.7109382507835
192.20000000000002	-27.73050589064413
192.3	-27.7500749401988
192.4	-27.769645413503934
192.5	-27.789217281861283
192.60000000000002	-27.808790548565554
192.70000000000002	-27.828365228512084
192.8	-27.847941273011166
192.9	-27.867518753258487
193.	-27.887097648555393
193.10000000000002	-27.906677895111102
193.20000000000002	-27.926259585901256
193.3	-27.945842619240302
193.4	-27.965427080029617
193.5	-27.985012951795547
193.60000000000002	-28.004600187343257
193.70000000000002	-28.02418881909915
193.8	-28.04377883598886
193.9	-28.0633702196599
194.	-28.08296302315436
194.10000000000002	-28.10255719315997
194.20000000000002	-28.122152768871498
194.3	-28.14174973606966
194.4	-28.161348060904324
194.5	-28.180947749451477
194.60000000000002	-28.20054884675026
194.70000000000002	-28.220151337657256
194.8	-28.23975516586672
194.9	-28.25936040536271
195.	-28.278967000023023
195.10000000000002	-28.29857497483574
195.20000000000002	-28.31818431603495
195.3	-28.337795035408543
195.4	-28.35740711836658
195.5	-28.377020577165432
195.60000000000002	-28.39663539739066
195.70000000000002	-28.416251591358872
195.8	-28.43586914404564
195.9	-28.455488068328044
196.	-28.475108348949696
196.10000000000002	-28.49472999903245
196.20000000000002	-28.51435300290361
196.3	-28.53397737426316
196.4	-28.553603096640977
196.5	-28.57323015432398
196.60000000000002	-28.592858607671094
196.70000000000002	-28.612488421026505
196.8	-28.632119567078654
196.9	-28.65175204517334
197.	-28.671385911705364
197.10000000000002	-28.691021135769148
197.20000000000002	-28.71065768675028
197.3	-28.7302955964984
197.4	-28.74993483686491
197.5	-28.769575437744628
197.60000000000002	-28.789217373991
197.70000000000002	-28.808860672658348
197.8	-28.828505302124256
197.9	-28.848151274869185
198.	-28.867798584948083
198.10000000000002	-28.887447213231333
198.20000000000002	-28.907097213153534
198.3	-28.926748559317545
198.4	-28.94640121740726
198.5	-28.966055199971112
198.60000000000002	-28.98571053058904
198.70000000000002	-29.00536719849662
198.8	-29.025025218531876
198.9	-29.044684524194516
199.	-29.064345177562416
199.10000000000002	-29.084007167647243
199.20000000000002	-29.103670475759774
199.3	-29.12333512025137
199.4	-29.143001105148834
199.5	-29.162668380710755
199.60000000000002	-29.18233699849062
199.70000000000002	-29.20200691289233
199.8	-29.22167816862925
199.9	-29.241350739202137
200.	-29.261024633487914