200.	-29.261024631823233
199.9	-29.241350682286317
199.8	-29.221678108259383
199.7	-29.202006854998416
199.6	-29.18233692241659
199.5	-29.16266831160818
199.4	-29.143001023667686
199.3	-29.123335126868582
199.2	-29.103670421613536
199.1	-29.084007107920776
199.	-29.064345122366955
198.9	-29.044684465200454
198.8	-29.025025137518796
198.7	-29.005367140428646
198.6	-28.985710475041003
198.5	-28.966055142468157
198.4	-28.94640121013974
198.3	-28.926748480936013
198.2	-28.907097152794357
198.1	-28.88744716262804
198.	-28.867798510867168
197.9	-28.848151264524105
197.8	-28.828505227630508
197.7	-28.808860597187696
197.6	-28.789217310233926
197.5	-28.76957536730574
197.4	-28.749934769517772
197.3	-28.730295583485734
197.2	-28.710657625873537
197.1	-28.69102105843914
197.	-28.67138585248206
196.9	-28.651751997415218
196.8	-28.632119494294926
196.7	-28.612488347315967
196.6	-28.592858555226865
196.5	-28.573230118224707
196.4	-28.55360303738328
196.3	-28.533977313839046
196.2	-28.514352948422925
196.1	-28.494729942557754
196.	-28.47510829760037
195.9	-28.455488027866146
195.8	-28.435869118235434
195.7	-28.41625156458507
195.6	-28.396635402624998
195.5	-28.37702057393144
195.4	-28.357407118253057
195.3	-28.337795034148602
195.2	-28.318184320498226
195.1	-28.29857497671226
195.	-28.278966977003783
194.9	-28.259360404169485
194.8	-28.239755155619317
194.7	-28.220151310734533
194.6	-28.20054886865038
194.5	-28.180947776509846
194.4	-28.16134806517922
194.3	-28.14174973427003
194.2	-28.122152785380948
194.1	-28.10255722030177
194.	-28.082963040158965
193.9	-28.063370245656476
193.8	-28.043778837976706
193.7	-28.02418881830926
193.6	-28.004600187844815
193.5	-27.98501294777876
193.4	-27.965427099305444
193.3	-27.94584264362407
193.2	-27.926259581937067
193.1	-27.906677915326526
193.	-27.887097645085074
192.9	-27.867518773342184
192.8	-27.84794130234704
192.7	-27.828365203876295
192.6	-27.808790551827556
192.5	-27.789217261504366
192.4	-27.76964538984237
192.3	-27.75007495683969
192.2	-27.730505858057327
192.1	-27.71093822474451
192.	-27.69137198868564
191.9	-27.67180715726126
191.8	-27.65224372931589
191.7	-27.632681725729142
191.6	-27.613121116753806
191.5	-27.593561937308912
191.4	-27.57400417309906
191.3	-27.554447825441116
191.2	-27.534892896340352
191.1	-27.515339387456457
191.	-27.495787310571977
190.9	-27.476236649687564
190.8	-27.456687405548788
190.7	-27.43713958556916
190.6	-27.41759319095719
190.5	-27.3980482488219
190.4	-27.378504703320964
190.3	-27.3589625943819
190.2	-27.33942191605025
190.1	-27.319882669593106
190.	-27.300344856259557
189.9	-27.280808477301058
189.8	-27.26127353397775
189.7	-27.241740027538487
189.6	-27.222207959198457
189.5	-27.202677330253024
189.4	-27.183148141978318
189.3	-27.163620395636475
189.2	-27.144094092486597
189.1	-27.12456923380472
189.	-27.105045820850883
188.9	-27.085523854897943
188.8	-27.066003337215623
188.7	-27.046484269075897
188.6	-27.026966651757984
188.5	-27.007450486534502
188.4	-26.987935774686918
188.3	-26.968422517494602
188.2	-26.948910716241112
188.1	-26.92940037221001
188.	-26.909891486688473
187.9	-26.890384060961257
187.8	-26.87087809632387
187.7	-26.851373594063368
187.6	-26.831870555479178
187.5	-26.812368981858913
187.4	-26.792868874503952
187.3	-26.773370234716136
187.2	-26.753873063788262
187.1	-26.734377363035215
187.	-26.71488313419576
186.9	-26.69539037863629
186.8	-26.67589909714828
186.7	-26.656409290961278
186.6	-26.636920961418127
186.5	-26.61743410972097
186.4	-26.597948710497917
186.3	-26.578464843416533
186.2	-26.558982409496153
186.1	-26.53950150741382
186.	-26.520022041715656
185.9	-26.500544109540318
185.8	-26.4810676476842
185.7	-26.461592667570503
185.6	-26.44211914747055
185.5	-26.422647177212323
185.4	-26.403176641797955
185.3	-26.383707628205535
185.2	-26.36424011106543
185.1	-26.344774090540845
185.	-26.325309567926777
184.9	-26.3058465445583
184.8	-26.286385021786273
184.7	-26.266925000947367
184.6	-26.247466483381487
184.5	-26.228009470426624
184.4	-26.208553963423743
184.3	-26.189099963695938
184.2	-26.16964747257127
184.1	-26.150196491353725
184.	-26.13074702145211
183.9	-26.11129906404875
183.8	-26.09185262059594
183.7	-26.072407692334234
183.6	-26.052964280650684
183.5	-26.03352238689955
183.4	-26.014082012296566
183.3	-25.99464315903908
183.2	-25.9752058315866
183.1	-25.955770027970697
183.	-25.936335749597504
182.9	-25.916902997864142
182.8	-25.89747177415756
182.7	-25.878042079891458
182.6	-25.858613916472336
182.5	-25.83918728532207
182.4	-25.819762187820988
182.3	-25.800338624914062
182.2	-25.78091659837146
182.1	-25.761496116933632
182.	-25.742077180281946
181.9	-25.72265977363833
181.8	-25.703243936189224
181.7	-25.683829610535717
181.6	-25.664416832443266
181.5	-25.645005600709645
181.4	-25.625595882413457
181.3	-25.606187775435046
181.2	-25.586781195412364
181.1	-25.56737616136499
181.	-25.54797268105801
180.9	-25.52857075532545
180.8	-25.509170385603902
180.7	-25.48977157322634
180.6	-25.470374319723714
180.5	-25.450978627016895
180.4	-25.431584497164884
180.3	-25.412191930634798
180.2	-25.392800928924117
180.1	-25.373411493446348
180.	-25.354023625656293
179.9	-25.334637327015194
179.8	-25.315252598961727
179.7	-25.295869442939235
179.6	-25.276487860414775
179.5	-25.25710785280731
179.4	-25.23772942161055
179.3	-25.218352568280345
179.2	-25.19897729429192
179.1	-25.179603601088402
179.	-25.160231490171252
178.9	-25.140860962972447
178.8	-25.12149202098223
178.7	-25.10212466567428
178.6	-25.08275889852392
178.5	-25.063394721004563
178.4	-25.044032134584874
178.3	-25.02467114077917
178.2	-25.005311741039648
178.1	-24.985953936866544
178.	-24.96659772992017
177.9	-24.947243121743767
177.8	-24.92789011362529
177.7	-24.90853870705608
177.6	-24.88918890354115
177.5	-24.869840704574674
177.4	-24.85049411166615
177.3	-24.831149126315893
177.2	-24.811805750039817
177.1	-24.792463984338546
177.	-24.77312383073032
176.9	-24.753785290727773
176.8	-24.7344483658475
176.7	-24.715113057608455
176.6	-24.695779367536282
176.5	-24.676447297150716
176.4	-24.657116847978664
176.3	-24.637788021548232
176.2	-24.618460819393388
176.1	-24.59913524304337
176.	-24.57981129403756
175.9	-24.560488973913444
175.8	-24.541168284209768
175.7	-24.521849226469833
175.6	-24.50253180223347
175.5	-24.483216013062034
175.4	-24.463901860490672
175.3	-24.444589346074448
175.2	-24.42527847137744
175.1	-24.405969237941942
175.	-24.386661647339267
174.9	-24.36735570112385
174.8	-24.34805140086602
174.7	-24.32874874812663
174.6	-24.309447744480224
174.5	-24.290148391492615
174.4	-24.270850690740303
174.3	-24.25155464379789
174.2	-24.232260252245545
174.1	-24.212967517663657
174.	-24.19367644163332
173.9	-24.174387025747713
173.8	-24.15509927158766
173.7	-24.13581318074646
173.6	-24.116528754821445
173.5	-24.097245995401565
173.4	-24.077964904089832
173.3	-24.058685482485846
173.2	-24.03940773219557
173.1	-24.020131654816048
173.	-24.00085725196562
172.9	-23.98158452524867
172.8	-23.962313476279355
172.7	-23.94304410667847
172.6	-23.92377641805474
172.5	-23.904510412037894
172.4	-23.885246090251606
172.3	-23.865983454312225
172.2	-23.84672250585566
172.1	-23.827463246512913
172.	-23.808205677916156
171.9	-23.788949801702614
171.8	-23.769695619505935
171.7	-23.75044313297339
171.6	-23.731192343747075
171.5	-23.71194325347213
171.4	-23.69269586379332
171.3	-23.67345017637231
171.2	-23.654206192858354
171.1	-23.634963914905395
171.	-23.61572334417714
170.9	-23.596484482310924
170.8	-23.577247330970593
170.7	-23.55801189184055
170.6	-23.538778166597126
170.5	-23.51954615690958
170.4	-23.500315864453945
170.3	-23.481087290907638
170.2	-23.4618604379437
170.1	-23.442635307258442
170.	-23.423411900530592
169.9	-23.4041902194431
169.8	-23.384970265699366
169.7	-23.365752040982688
169.6	-23.3465355469931
169.5	-23.327320785429087
169.4	-23.30810775799263
169.3	-23.288896467301527
169.2	-23.269686914972507
169.1	-23.250479101804782
169.	-23.231273029253767
168.9	-23.212068698964135
168.8	-23.192866117698728
168.7	-23.1736652430548
168.6	-23.1544661780137
168.5	-23.135268808834056
168.4	-23.11607324827351
168.3	-23.096879352019858
168.2	-23.077687320689133
168.1	-23.058496939702845
168.	-23.039308431053808
167.9	-23.020121586635845
167.8	-23.00093651419951
167.7	-22.981753292134925
167.6	-22.962571762138182
167.5	-22.943392019910952
167.4	-22.924214021420852
167.3	-22.905037817626205
167.2	-22.885863367351426
167.1	-22.8666907027971
167.	-22.847519810245267
166.9	-22.828350697167863
166.8	-22.809183363444234
166.7	-22.790017810851523
166.6	-22.770854041188485
166.5	-22.751692056276386
166.4	-22.73253185785275
166.3	-22.71337344744217
166.2	-22.69421683237824
166.1	-22.67506196804042
166.	-22.655908963919387
165.9	-22.636757688861216
165.8	-22.617608282288955
165.7	-22.598460649649667
165.6	-22.579314810792688
165.5	-22.56017077067647
165.4	-22.541028501347746
165.3	-22.521888103508914
165.2	-22.50274948771161
165.1	-22.483612586799314
165.	-22.464477643419926
164.9	-22.445344456579136
164.8	-22.426213116242764
164.7	-22.407083464756994
164.6	-22.38795583144619
164.5	-22.368829906720364
164.4	-22.34970572840752
164.3	-22.33058353049132
164.2	-22.31146302482349
164.1	-22.29234451316625
164.	-22.273227630486616
163.9	-22.254112740635172
163.8	-22.234999659964217
163.7	-22.21588828911792
163.6	-22.196778853217438
163.5	-22.17767125158309
163.4	-22.158565491467186
163.3	-22.139461574646905
163.2	-22.120359502955303
163.1	-22.101259277885006
163.	-22.082160901773868
162.9	-22.063064376500844
162.8	-22.043969704013357
162.7	-22.024876886192928
162.6	-22.00578592490554
162.5	-21.986696822074933
162.4	-21.967609579579786
162.3	-21.94852419933838
162.2	-21.929440683249773
162.1	-21.910359126519296
162.	-21.891279261606485
161.9	-21.872201338701373
161.8	-21.853125298860796
161.7	-21.834051226868198
161.6	-21.81497886990814
161.5	-21.795908427082047
161.4	-21.776839894701503
161.3	-21.757773242485825
161.2	-21.73870847378467
161.1	-21.719645596229768
161.	-21.700584609171536
160.9	-21.68152551126991
160.8	-21.662468301714433
160.7	-21.64341306279534
160.6	-21.624359573245883
160.5	-21.605308047038548
160.4	-21.586258412184456
160.3	-21.5672106831518
160.2	-21.548164857277058
160.1	-21.52912093647779
160.	-21.510078922741904
159.9	-21.49103881809144
159.8	-21.472000624540094
159.7	-21.452964344173544
159.6	-21.433929978658732
159.5	-21.41489752977963
159.4	-21.39586700158826
159.3	-21.37683841288795
159.2	-21.35781173514906
159.1	-21.33878697456293
159.	-21.31976414076741
158.9	-21.300743235306985
158.8	-21.281724261348025
158.7	-21.262707252804653
158.6	-21.243692152773743
158.5	-21.224678982632316
158.4	-21.205667752889568
158.3	-21.186658463560804
158.2	-21.16765111843241
158.1	-21.14864571971559
158.	-21.129642268431923
157.9	-21.110640766644064
157.8	-21.091641216408455
157.7	-21.07264361978814
157.6	-21.053647978851487
157.5	-21.034654295659173
157.4	-21.015662572235925
157.3	-20.996672810730022
157.2	-20.97768501321791
157.1	-20.958699181779217
157.	-20.939715318506046
156.9	-20.92073342548484
156.8	-20.9017535048116
156.7	-20.882775558588126
156.6	-20.86379958890981
156.5	-20.844825597888214
156.4	-20.825853587629034
156.3	-20.806883560244806
156.2	-20.78791551785404
156.1	-20.768949462577293
156.	-20.74998539653673
155.9	-20.731023321862985
155.8	-20.71206324068489
155.7	-20.69310515513778
155.6	-20.674149067362194
155.5	-20.65519497949809
155.4	-20.636242893693307
155.3	-20.617292812101454
155.2	-20.598344737882456
155.1	-20.579398672251635
155.	-20.56045461718955
154.9	-20.54151257487305
154.8	-20.522572547337177
154.7	-20.503634536880813
154.6	-20.48469854571251
154.5	-20.465764576030335
154.4	-20.44683263002411
154.3	-20.427902709891796
154.2	-20.40897481782344
154.1	-20.390048909512508
154.	-20.371125125229614
153.9	-20.352203332011612
153.8	-20.333283574251713
153.7	-20.314365855556396
153.6	-20.295450178157225
153.5	-20.276536499989845
153.4	-20.257624956192956
153.3	-20.2387153722597
153.2	-20.21980792657871
153.1	-20.200902445332602
153.	-20.181999062059003
152.9	-20.163097781022273
152.8	-20.144198508894704
152.7	-20.125301265698717
152.6	-20.10640612445134
152.5	-20.087513091857993
152.4	-20.068622041713347
152.3	-20.049733146473102
152.2	-20.030846276858924
152.1	-20.011961488058827
152.	-19.9930787765675
151.9	-19.974198109101668
151.8	-19.95531955922462
151.7	-19.936443128863665
151.6	-19.917568713504465
151.5	-19.898696458857923
151.4	-19.87982622273728
151.3	-19.860958153246376
151.2	-19.84209210533224
151.1	-19.823228194363068
151.	-19.804366423652468
150.9	-19.785506716267385
150.8	-19.76664911133726
150.7	-19.74779361384136
150.6	-19.72894022592395
150.5	-19.710088899179294
150.4	-19.691239743964935
150.3	-19.672392745374875
150.2	-19.653547758443793
150.1	-19.63470501539951
150.	-19.615864261290863
149.9	-19.597025780291364
149.8	-19.5781892599419
149.7	-19.55935505926986
149.6	-19.540522800626675
149.5	-19.521692870698924
149.4	-19.502864883631673
149.3	-19.48403923389784
149.2	-19.465215528034825
149.1	-19.44639416780059
149.	-19.427574752959693
148.9	-19.408757691290944
148.8	-19.389942577494637
148.7	-19.37112975388733
148.6	-19.35231903614394
148.5	-19.333510498960003
148.4	-19.314704121558783
148.3	-19.29589990887409
148.2	-19.27709786309081
148.1	-19.25829798664634
148.	-19.239500282039252
147.9	-19.22070475171037
147.8	-19.2019113978787
147.7	-19.183120223223618
147.6	-19.1643312302361
147.5	-19.145544421362278
147.4	-19.126759799057243
147.3	-19.107977365853927
147.2	-19.08919712424329
147.1	-19.070419076611245
147.	-19.05164322553406
146.9	-19.032869676543335
146.8	-19.014098111696086
146.7	-18.99532887872748
146.6	-18.976561835822853
146.5	-18.957797005535625
146.4	-18.939034498399607
146.3	-18.920273980816635
146.2	-18.901515798227656
146.1	-18.882759831208837
146.	-18.86400608606025
145.9	-18.84525456521365
145.8	-18.826505271249943
145.7	-18.807758206715647
145.6	-18.789013374152834
145.5	-18.770270776145345
145.4	-18.751530415241596
145.3	-18.73279240728657
145.2	-18.714056411418284
145.1	-18.695322781085338
145.	-18.67659139432835
144.9	-18.657862257687356
144.8	-18.63913537366693
144.7	-18.62041074487362
144.6	-18.60168837390337
144.5	-18.582968378176446
144.4	-18.564250412179412
144.3	-18.545534834217207
144.2	-18.526821520644646
144.1	-18.508110478098853
144.	-18.489401824886606
143.9	-18.470695212616036
143.8	-18.451991002537746
143.7	-18.433289070042147
143.6	-18.414589421814473
143.5	-18.395892060408123
143.4	-18.377196988478822
143.3	-18.358504208727133
143.2	-18.33981372381189
143.1	-18.3211255364047
143.	-18.302439766924408
142.9	-18.283756181914576
142.8	-18.26507478276357
142.7	-18.246395815874834
142.6	-18.22771915637246
142.5	-18.209044810666924
142.4	-18.19037278139364
142.3	-18.171703071263952
142.2	-18.153035683011325
142.1	-18.134370619371044
142.	-18.115708002577087
141.9	-18.097047474101018
141.8	-18.078389403561076
141.7	-18.059733665722703
141.6	-18.04108038642073
141.5	-18.022429327458653
141.4	-18.003780490308763
141.3	-17.985134246321905
141.2	-17.966490227138927
141.1	-17.947848561092172
141.	-17.9292092500353
140.9	-17.91057217249226
140.8	-17.891937584342692
140.7	-17.87330535502384
140.6	-17.85467549188404
140.5	-17.836048119112437
140.4	-17.817422995564005
140.3	-17.798800131280807
140.2	-17.780179757044436
140.1	-17.76156176728071
140.	-17.742946283474467
139.9	-17.724332974995505
139.8	-17.705722106893987
139.7	-17.68711379192802
139.6	-17.6685077699125
139.5	-17.649904115677494
139.4	-17.6313028650036
139.3	-17.612704026013006
139.2	-17.59410759366353
139.1	-17.5755135637379
139.	-17.556921945720067
138.9	-17.538332741863563
138.8	-17.519745955019296
138.7	-17.501161589489747
138.6	-17.482579649653765
138.5	-17.464000136350332
138.4	-17.445423052516887
138.3	-17.426848401122644
138.2	-17.408276185169697
138.1	-17.389706407399142
138.	-17.37113907239648
137.9	-17.352574187637146
137.8	-17.334011688387783
137.7	-17.315451737906365
137.6	-17.296894141641538
137.5	-17.278339110393507
137.4	-17.259786397032535
137.3	-17.24123631886789
137.2	-17.222688627761322
137.1	-17.204143393483857
137.	-17.185600622676624
136.9	-17.167060349042853
136.8	-17.14852251398128
136.7	-17.12998721119061
136.6	-17.11145433955943
136.5	-17.092923985119015
136.4	-17.074396110902143
136.3	-17.055870733463095
136.2	-17.037347851406103
136.1	-17.018827467886403
136.	-17.000309585930232
135.89999999999998	-16.98179420849072
135.8	-16.963281338895527
135.7	-16.94477098019142
135.6	-16.926263135485357
135.5	-16.907757807887442
135.39999999999998	-16.889255000502363
135.3	-16.870754716436625
135.2	-16.85225695882128
135.1	-16.833761730782044
135.	-16.81526903545749
134.89999999999998	-16.79677887598625
134.8	-16.778291255519292
134.7	-16.759806177205228
134.6	-16.741323644218994
134.5	-16.72284365971128
134.39999999999998	-16.704366227440733
134.3	-16.685891352935855
134.2	-16.667419036830772
134.1	-16.648949281053433
134.	-16.630482094576244
133.89999999999998	-16.612017477823322
133.8	-16.593555423429436
133.7	-16.57509594163026
133.6	-16.556639037286885
133.5	-16.538184713361858
133.39999999999998	-16.519732972984002
133.3	-16.501283819293334
133.2	-16.482837255454665
133.1	-16.46439328462979
133.	-16.445951821632434
132.89999999999998	-16.427513144701642
132.8	-16.409076855258775
132.7	-16.390643413663
132.6	-16.372212340182713
132.5	-16.353784122825147
132.39999999999998	-16.335358277952203
132.3	-16.316935297184607
132.2	-16.298514816091412
132.1	-16.28009696383476
132.	-16.261681740846342
131.89999999999998	-16.243269136443494
131.8	-16.224859197679137
131.7	-16.206451871205417
131.6	-16.18804719786757
131.5	-16.169645173539788
131.39999999999998	-16.151245808187873
131.3	-16.132849091037063
131.2	-16.114455023547777
131.1	-16.09606361847222
131.	-16.077674873634024
130.89999999999998	-16.059288798240846
130.8	-16.040905392315757
130.7	-16.02252466304043
130.6	-16.004146610642223
130.5	-15.985771238881961
130.39999999999998	-15.96739855118118
130.3	-15.94902855089654
130.2	-15.930661241510693
130.1	-15.912296626586757
130.	-15.893934709582323
129.89999999999998	-15.875575493899223
129.8	-15.857218983100005
129.7	-15.838865180669885
129.6	-15.820514090063801
129.5	-15.802165714815445
129.39999999999998	-15.783820058708155
129.3	-15.765477126403113
129.2	-15.747136920077445
129.1	-15.728799443315733
129.	-15.710464699664321
128.89999999999998	-15.69213269267101
128.8	-15.67380346288552
128.7	-15.655476901505498
128.6	-15.637153127373889
128.5	-15.618832102689076
128.39999999999998	-15.600513832596839
128.3	-15.58219832065477
128.2	-15.56388557046711
128.1	-15.545575585652191
128.	-15.527268369838005
127.89999999999999	-15.508963926637424
127.8	-15.490662259713265
127.7	-15.472363372679386
127.6	-15.454067307924527
127.5	-15.435773991106618
127.39999999999999	-15.417483425778899
127.3	-15.399195696810208
127.2	-15.380910764188506
127.1	-15.362628633588645
127.	-15.344349308645757
126.89999999999999	-15.326072833017989
126.8	-15.307799088622605
126.7	-15.28952824516072
126.6	-15.271260137664274
126.5	-15.252994898763564
126.39999999999999	-15.234732485772613
126.3	-15.216472904641595
126.2	-15.198216159049569
126.1	-15.179962252757294
126.	-15.161711231199474
125.89999999999999	-15.14346301422898
125.8	-15.125217648782733
125.7	-15.106975137793397
125.6	-15.088735485100228
125.5	-15.070498694520687
125.39999999999999	-15.052264769894622
125.3	-15.034033715044457
125.2	-15.015805533824897
125.1	-14.997580230094092
125.	-14.979357807708302
124.89999999999999	-14.961138225138452
124.8	-14.94292162350423
124.7	-14.924707867350767
124.6	-14.90649700917994
124.5	-14.888289051759514
124.39999999999999	-14.870083999039995
124.3	-14.85188180804992
124.2	-14.833682624501183
124.1	-14.815486308314687
124.	-14.797292913733589
123.89999999999999	-14.779102443509942
123.8	-14.760914901651358
123.7	-14.74273029212212
123.6	-14.724548618911204
123.5	-14.706369886009309
123.39999999999999	-14.688194097411131
123.3	-14.670021257126386
123.19999999999999	-14.651851369174112
123.1	-14.633684437575182
123.	-14.615520466376106
122.89999999999999	-14.59735945961144
122.8	-14.579201421336851
122.69999999999999	-14.561046355606523
122.6	-14.542894266502184
122.5	-14.524745158106064
122.39999999999999	-14.506599034497764
122.3	-14.488455899776408
122.19999999999999	-14.470315758048091
122.1	-14.45217861343058
122.	-14.434044470052669
121.89999999999999	-14.415913332045113
121.8	-14.397785203546942
121.69999999999999	-14.37966008871955
121.6	-14.361537991714002
121.5	-14.343418916714638
121.39999999999999	-14.325302867893726
121.3	-14.307189849439906
121.19999999999999	-14.289079865556825
121.1	-14.270972920449413
121.	-14.252869018344224
120.89999999999999	-14.234768163450756
120.8	-14.216670360025478
120.69999999999999	-14.198575612302374
120.6	-14.180483924543896
120.5	-14.162395301010099
120.39999999999999	-14.144309745981278
120.3	-14.126227263735597
120.19999999999999	-14.108147858579247
120.1	-14.090071534799883
120.	-14.071998296724937
119.89999999999999	-14.053928148675322
119.8	-14.035861094977687
119.69999999999999	-14.01779713998216
119.6	-13.999736288033121
119.5	-13.98167854350239
119.39999999999999	-13.963623910755079
119.3	-13.945572394183767
119.19999999999999	-13.927523998172479
119.1	-13.909478727127725
119.	-13.891436585462593
118.89999999999999	-13.873397577595542
118.8	-13.855361707961183
118.69999999999999	-13.837328981002056
118.6	-13.819299401169872
118.5	-13.801272972932617
118.39999999999999	-13.78324970076315
118.3	-13.765229589139405
118.19999999999999	-13.747212642550348
118.1	-13.729198865520083
118.	-13.71118826255042
117.89999999999999	-13.693180838156387
117.8	-13.675176596888456
117.69999999999999	-13.657175543288915
117.6	-13.639177681908858
117.5	-13.621183017331878
117.39999999999999	-13.60319155410756
117.3	-13.585203296840827
117.19999999999999	-13.567218250132845
117.1	-13.54923641857945
117.	-13.531257806809155
116.89999999999999	-13.51328241945985
116.8	-13.495310261150234
116.69999999999999	-13.477341336554066
116.6	-13.45937565032002
116.5	-13.441413207127955
116.39999999999999	-13.423454011717205
116.3	-13.405498068948264
116.19999999999999	-13.387545383306351
116.1	-13.369595959512719
116.	-13.351649802297734
115.89999999999999	-13.33370691639563
115.8	-13.315767306570581
115.69999999999999	-13.297830977573232
115.6	-13.279897934173519
115.5	-13.261968181163503
115.39999999999999	-13.244041723339464
115.3	-13.226118565495515
115.19999999999999	-13.208198712458582
115.1	-13.190282169059852
115.	-13.172368940136163
114.89999999999999	-13.15445903053985
114.8	-13.136552445142044
114.69999999999999	-13.118649188805056
114.6	-13.100749266410991
114.5	-13.082852682877622
114.39999999999999	-13.06495944310298
114.3	-13.047069552004123
114.19999999999999	-13.029183014523586
114.1	-13.011299835600829
114.	-12.993420020190015
113.89999999999999	-12.97554357326679
113.8	-12.95767049980656
113.69999999999999	-12.939800804789385
113.6	-12.921934493243098
113.5	-12.904071570169208
113.39999999999999	-12.8862120405939
113.3	-12.868355909560044
113.19999999999999	-12.850503182120548
113.1	-12.832653863336795
113.	-12.814807958294185
112.89999999999999	-12.796965472062016
112.8	-12.77912640975429
112.69999999999999	-12.761290776480816
112.6	-12.74345857736703
112.5	-12.725629817549812
112.39999999999999	-12.707804502185624
112.3	-12.689982636412307
112.19999999999999	-12.672164225444952
112.1	-12.654349274436129
112.	-12.636537788598883
111.89999999999999	-12.618729773140434
111.8	-12.60092523329274
111.69999999999999	-12.583124174289498
111.6	-12.565326601382479
111.5	-12.547532519826003
111.39999999999999	-12.52974193491293
111.3	-12.51195485192057
111.19999999999999	-12.494171276151409
111.1	-12.47639121291841
111.	-12.458614667555118
110.89999999999999	-12.440841645402921
110.8	-12.42307215180604
110.69999999999999	-12.405306192130741
110.6	-12.387543771765161
110.5	-12.36978489610471
110.39999999999999	-12.352029570558898
110.3	-12.334277800521258
110.19999999999999	-12.316529591448923
110.1	-12.298784948789251
110.	-12.281043877989315
109.89999999999999	-12.26330638452939
109.8	-12.245572473884756
109.69999999999999	-12.22784215157466
109.6	-12.210115423105126
109.5	-12.192392293996427
109.39999999999999	-12.174672769799994
109.3	-12.156956856066838
109.19999999999999	-12.139244558364506
109.1	-12.121535882273633
109.	-12.103830833392745
108.89999999999999	-12.086129417339716
108.8	-12.068431639723109
108.69999999999999	-12.050737506186355
108.6	-12.033047022403911
108.5	-12.015360194009997
108.39999999999999	-11.997677026707027
108.3	-11.979997526173904
108.19999999999999	-11.962321698136442
108.1	-11.94464954830806
108.	-11.92698108242866
107.89999999999999	-11.909316306245014
107.8	-11.891655225539143
107.69999999999999	-11.873997846081913
107.6	-11.856344173663928
107.5	-11.838694214101814
107.39999999999999	-11.821048012768278
107.3	-11.803405495157623
107.19999999999999	-11.78576670926125
107.1	-11.768131659546434
107.	-11.75050035197448
106.89999999999999	-11.732872792421006
106.8	-11.715248986813084
106.69999999999999	-11.697628941072917
106.6	-11.680012661154965
106.5	-11.662400153005585
106.39999999999999	-11.644791422613306
106.3	-11.627186475945381
106.19999999999999	-11.609585319037059
106.1	-11.591987957889705
106.	-11.57439439854339
105.89999999999999	-11.556804647043034
105.8	-11.539218709468347
105.69999999999999	-11.521636591892982
105.6	-11.504058300417997
105.5	-11.48648384115614
105.39999999999999	-11.468913220231642
105.3	-11.451346443797748
105.19999999999999	-11.433783518021489
105.1	-11.416224449071198
105.	-11.398669243127266
104.89999999999999	-11.38111790641635
104.8	-11.363570445162729
104.69999999999999	-11.346026865592751
104.6	-11.328487173983445
104.5	-11.310951376592918
104.39999999999999	-11.293419479718871
104.3	-11.275891489662893
104.19999999999999	-11.258367412748985
104.1	-11.240847255323567
104.	-11.223331023728477
103.89999999999999	-11.205818724347676
103.8	-11.188310363563067
103.69999999999999	-11.170805947782643
103.6	-11.153305483426303
103.5	-11.135808976936396
103.39999999999999	-11.118316434756906
103.3	-11.100827863383383
103.19999999999999	-11.083343269291007
103.1	-11.065862658988713
103.	-11.048386038990051
102.89999999999999	-11.030913415867152
102.8	-11.013444796139096
102.69999999999999	-10.995980186406198
102.6	-10.978519593260796
102.5	-10.961063023307357
102.39999999999999	-10.943610483168463
102.3	-10.926161979501885
102.19999999999999	-10.908717518962831
102.1	-10.891277108243099
102.	-10.873840754023274
101.89999999999999	-10.856408463039802
101.8	-10.838980242003725
101.69999999999999	-10.82155609769113
101.6	-10.804136036859308
101.5	-10.786720066298805
101.39999999999999	-10.76930819333381
101.3	-10.751900424490822
101.19999999999999	-10.734496766407341
101.1	-10.717097225943956
101.	-10.699701809981555
100.89999999999999	-10.68231052544969
100.8	-10.664923379324193
100.69999999999999	-10.647540378464072
100.6	-10.630161529804628
100.5	-10.612786840332962
100.39999999999999	-10.595416317031475
100.3	-10.578049966917078
100.19999999999999	-10.560687797010118
100.1	-10.543329814366729
100.	-10.525976026066484
99.89999999999999	-10.50862643917204
99.8	-10.49128106080707
99.69999999999999	-10.47393989810281
99.6	-10.456602958183726
99.5	-10.43927024823213
99.39999999999999	-10.421941775420452
99.3	-10.40461754696448
99.19999999999999	-10.387297570083085
99.1	-10.369981852012746
99.	-10.352670400025803
98.89999999999999	-10.33536322140294
98.8	-10.318060323450032
98.69999999999999	-10.30076171348012
98.6	-10.283467398844643
98.5	-10.266177386908165
98.39999999999999	-10.248891685049315
98.3	-10.231610300679105
98.19999999999999	-10.2143332412104
98.1	-10.197060514098215
98.	-10.179792126807783
97.89999999999999	-10.16252808682886
97.8	-10.145268401658893
97.69999999999999	-10.128013078828905
97.6	-10.110762125891235
97.5	-10.09351555041679
97.39999999999999	-10.07627335998869
97.3	-10.059035562225603
97.19999999999999	-10.041802164768573
97.1	-10.024573175255068
97.	-10.007348601365422
96.89999999999999	-9.9901284508062
96.8	-9.972912731292794
96.69999999999999	-9.955701450558443
96.6	-9.938494616377845
96.5	-9.921292236524648
96.39999999999999	-9.904094318821311
96.3	-9.88690087106745
96.19999999999999	-9.869711901139693
96.1	-9.852527416890872
96.	-9.835347426234698
95.89999999999999	-9.818171937074924
95.8	-9.801000957359019
95.69999999999999	-9.783834495042704
95.6	-9.766672558104453
95.5	-9.74951515456101
95.39999999999999	-9.732362292445533
95.3	-9.715213979799998
95.19999999999999	-9.698070224707056
95.1	-9.68093103526261
95.	-9.663796419580445
94.89999999999999	-9.646666385829686
94.8	-9.62954094214372
94.69999999999999	-9.612420096743648
94.6	-9.595303857831482
94.5	-9.578192233640642
94.39999999999999	-9.561085232444903
94.3	-9.543982862523897
94.19999999999999	-9.526885132192074
94.1	-9.5097920497759
94.	-9.492703623634345
93.89999999999999	-9.47561986215123
93.8	-9.458540773744456
93.69999999999999	-9.441466366831321
93.6	-9.424396649853282
93.5	-9.40733163131366
93.39999999999999	-9.390271319701235
93.3	-9.373215723555873
93.19999999999999	-9.35616485143126
93.1	-9.339118711888073
93.	-9.322077313543637
92.89999999999999	-9.305040665020222
92.8	-9.288008774979929
92.69999999999999	-9.270981652097614
92.6	-9.253959305072414
92.5	-9.236941742635882
92.39999999999999	-9.219928973545912
92.3	-9.202921006579277
92.19999999999999	-9.185917850553674
92.1	-9.168919514289762
92.	-9.151926006659473
91.89999999999999	-9.13493733651779
91.8	-9.11795351281188
91.69999999999999	-9.100974544460964
91.6	-9.08400044043066
91.5	-9.067031209714273
91.39999999999999	-9.050066861319824
91.3	-9.033107404300974
91.19999999999999	-9.016152847723616
91.1	-8.999203200687308
91.	-8.98225847230842
90.89999999999999	-8.96531867176025
90.8	-8.948383789315281
90.69999999999999	-8.931453871923203
90.6	-8.914528910114539
90.5	-8.897608913003724
90.39999999999999	-8.880693889876293
90.3	-8.86378385005907
90.19999999999999	-8.846878802887591
90.1	-8.82997875773641
90.	-8.813083724005773
89.89999999999999	-8.796193711121305
89.8	-8.77930872854756
89.69999999999999	-8.762428785771803
89.6	-8.745553892299682
89.5	-8.728684057697013
89.39999999999999	-8.711819291511338
89.3	-8.694959603356844
89.19999999999999	-8.678105002866243
89.1	-8.66125549970165
89.	-8.644411103535901
88.89999999999999	-8.627571824109154
88.8	-8.610737671162013
88.69999999999999	-8.593908654475126
88.6	-8.577084783848106
88.5	-8.560266069129018
88.39999999999999	-8.543452520184074
88.3	-8.526644146908396
88.19999999999999	-8.509840959246901
88.1	-8.493042967134622
88.	-8.476250180579946
87.89999999999999	-8.459462609599527
87.8	-8.442680264239648
87.69999999999999	-8.425903154586184
87.6	-8.409131290759582
87.5	-8.392364682898464
87.39999999999999	-8.375603341176655
87.3	-8.358847275819967
87.19999999999999	-8.342096497042341
87.1	-8.325351015139038
87.	-8.30861084040211
86.89999999999999	-8.291875983168197
86.8	-8.275146453804087
86.69999999999999	-8.258422262707708
86.6	-8.24170342033225
86.5	-8.22498993712009
86.39999999999999	-8.208281823568548
86.3	-8.191579090224703
86.19999999999999	-8.174881747644083
86.1	-8.158189806431121
86.	-8.141503277203507
85.89999999999999	-8.124822170633458
85.8	-8.108146497419131
85.69999999999999	-8.091476268284655
85.6	-8.07481149400018
85.5	-8.058152185368922
85.39999999999999	-8.041498353230372
85.3	-8.024850008433747
85.19999999999999	-8.008207161892123
85.1	-7.991569824546985
85.	-7.97493800736421
84.89999999999999	-7.958311721351336
84.8	-7.941690977546261
84.69999999999999	-7.9250757870316795
84.6	-7.908466160918299
84.5	-7.891862110360988
84.39999999999999	-7.875263646533067
84.3	-7.85867078065745
84.19999999999999	-7.8420835239871645
84.1	-7.82550188782484
84.	-7.808925883483905
83.89999999999999	-7.792355522348215
83.8	-7.775790815801524
83.69999999999999	-7.759231775240582
83.6	-7.742678395599066
83.5	-7.726130737328548
83.39999999999999	-7.709588692720743
83.3	-7.693052501040686
83.19999999999999	-7.676521922098316
83.1	-7.659997156113924
83.	-7.643478088292537
82.89999999999999	-7.626964792066239
82.8	-7.6104572670085995
82.69999999999999	-7.59395552629417
82.6	-7.577459586189977
82.5	-7.560969434456503
82.39999999999999	-7.544485107857014
82.3	-7.528006612436777
82.19999999999999	-7.511533958711975
82.1	-7.495067159707079
82.	-7.478606227243283
81.89999999999999	-7.4621511934357345
81.8	-7.445702009882033
81.69999999999999	-7.429258769064143
81.6	-7.412821404290902
81.5	-7.396389986400037
81.39999999999999	-7.379964508011495
81.3	-7.363544981612323
81.19999999999999	-7.347131419608076
81.1	-7.330723834438412
81.	-7.314322238606466
80.89999999999999	-7.29792664465265
80.8	-7.281537065751751
80.69999999999999	-7.265153515234827
80.6	-7.248775962078967
80.5	-7.232404499986258
80.39999999999999	-7.2160391112641715
80.3	-7.199679799765749
80.19999999999999	-7.183326611610231
80.1	-7.166979484038619
80.	-7.150638479076406
79.89999999999999	-7.134303593282391
79.8	-7.117974861974199
79.69999999999999	-7.101652289860455
79.6	-7.085335878457049
79.5	-7.069025650391662
79.39999999999999	-7.052721617364412
79.3	-7.036423792824577
79.19999999999999	-7.020132182600665
79.1	-7.003846807115746
79.	-6.987567693378095
78.89999999999999	-6.97129483910743
78.8	-6.955028255296164
78.69999999999999	-6.938767959929028
78.6	-6.922513966768084
78.5	-6.906266289349655
78.39999999999999	-6.890024941270893
78.3	-6.873789936227252
78.19999999999999	-6.857561287904906
78.1	-6.841339010118458
78.	-6.825123116695987
77.89999999999999	-6.808913621535386
77.8	-6.792710538565903
77.69999999999999	-6.77651388193434
77.6	-6.760323666137588
77.5	-6.7441399066890675
77.39999999999999	-6.72796261305341
77.3	-6.71179962609753
77.19999999999999	-6.695661211936999
77.1	-6.679547741900706
77.	-6.663459554378012
76.89999999999999	-6.647396992524968
76.8	-6.6313604037144005
76.69999999999999	-6.615350138867853
76.6	-6.599366551652827
76.5	-6.5834099975294365
76.39999999999999	-6.5674808326292675
76.3	-6.551579412450247
76.19999999999999	-6.5357060903512805
76.1	-6.519861215829069
76.	-6.5040451325696855
75.89999999999999	-6.488258176259453
75.8	-6.472500672155311
75.69999999999999	-6.456772932416262
75.6	-6.441075253204128
75.5	-6.425407911580819
75.39999999999999	-6.409771162231105
75.3	-6.394165234060085
75.19999999999999	-6.3785903267284
75.1	-6.363046607200823
75.	-6.347534206397977
74.89999999999999	-6.332053216053725
74.8	-6.316603685884259
74.69999999999999	-6.301185621179961
74.6	-6.285798980922718
74.5	-6.270443676523689
74.39999999999999	-6.2551195712480965
74.3	-6.239826480382594
74.19999999999999	-6.2245641721548965
74.1	-6.209332369392024
74.	-6.194130751869847
73.89999999999999	-6.178958959275953
73.8	-6.163816594684419
73.69999999999999	-6.148703228426725
73.6	-6.133618402231481
73.5	-6.118561633509612
73.39999999999999	-6.103532419663049
73.3	-6.088530242312383
73.19999999999999	-6.073554571351971
73.1	-6.058604868761062
73.	-6.043680592118122
72.89999999999999	-6.028781197783655
72.8	-6.013906143733384
72.69999999999999	-5.9990548920372255
72.6	-5.984226910991643
72.5	-5.969421676920105
72.39999999999999	-5.9546386756644205
72.3	-5.9398774037917
72.19999999999999	-5.925137369545189
72.1	-5.910418093567343
72.	-5.895719109422866
71.9	-5.881039963948809
71.79999999999998	-5.866380217455913
71.69999999999999	-5.851739443805186
71.6	-5.837117230378628
71.5	-5.822513177966436
71.4	-5.80792690057821
71.29999999999998	-5.793358025203332
71.19999999999999	-5.778806191524643
71.1	-5.764271051598716
71.	-5.74975226951131
70.9	-5.7352495210142225
70.79999999999998	-5.720762493152464
70.69999999999999	-5.706290883883218
70.6	-5.691834401693973
70.5	-5.677392765221474
70.4	-5.662965702874794
70.29999999999998	-5.648552952464664
70.19999999999999	-5.634154260840299
70.1	-5.6197693835358775
70.	-5.605398084427359
69.9	-5.591040135399096
69.79999999999998	-5.576695316023456
69.69999999999999	-5.562363413250063
69.6	-5.548044221108238
69.5	-5.533737540420141
69.4	-5.519443178526256
69.29999999999998	-5.505160949021497
69.19999999999999	-5.4908906715028385
69.1	-5.476632171327894
69.	-5.462385279383755
68.9	-5.448149831865894
68.79999999999998	-5.4339256700676595
68.69999999999999	-5.419712640177893
68.6	-5.405510593088943
68.5	-5.3913193842125215
68.4	-5.377138873304268
68.29999999999998	-5.3629689242960055
68.19999999999999	-5.34880940513579
68.1	-5.334660187635277
68.	-5.320521147323685
67.9	-5.306392163308684
67.79999999999998	-5.292273118143383
67.69999999999999	-5.278163897699299
67.6	-5.264064391045067
67.5	-5.2499744903305485
67.4	-5.235894090676065
67.29999999999998	-5.2218230900665334
67.19999999999999	-5.207761389250353
67.1	-5.193708891642452
67.	-5.179665503231899
66.9	-5.165631132493403
66.79999999999998	-5.151605690302357
66.69999999999999	-5.137589089853884
66.6	-5.123581246585184
66.5	-5.109582078101117
66.4	-5.095591504102991
66.29999999999998	-5.081609446320196
66.19999999999999	-5.067635828444861
66.1	-5.053670576069024
66.	-5.0397136166244945
65.9	-5.0257648793250675
65.79999999999998	-5.011824295111165
65.69999999999999	-4.997891796596605
65.6	-4.983967318017524
65.5	-4.970050795183333
65.4	-4.956142165429589
65.29999999999998	-4.942241367572752
65.19999999999999	-4.928348341866479
65.1	-4.91446302995994
65.	-4.900585374857434
64.9	-4.886715320879693
64.79999999999998	-4.8728528136266025
64.69999999999999	-4.8589977999412115
64.6	-4.84515022787532
64.5	-4.831310046656047
64.4	-4.817477206653835
64.29999999999998	-4.803651659351532
64.19999999999999	-4.789833357314617
64.1	-4.7760222541624
64.	-4.762218304540417
63.900000000000006	-4.748421464093618
63.79999999999998	-4.734631689440665
63.69999999999999	-4.720848938149001
63.599999999999994	-4.707073168710817
63.5	-4.693304340519858
63.400000000000006	-4.679542413849052
63.29999999999998	-4.66578734982882
63.19999999999999	-4.652039110426242
63.099999999999994	-4.638297658424733
63.	-4.6245629574045335
62.900000000000006	-4.610834971723914
62.79999999999998	-4.5971136665007615
62.69999999999999	-4.583399007595049
62.599999999999994	-4.569690961591562
62.5	-4.555989495783521
62.400000000000006	-4.542294578156446
62.29999999999998	-4.528606177372689
62.19999999999999	-4.514924262756443
62.099999999999994	-4.501248804279143
62.	-4.487579772545408
61.900000000000006	-4.473917138779402
61.79999999999998	-4.46026087481156
61.69999999999999	-4.446610953065893
61.599999999999994	-4.432967346547347
61.5	-4.419330028829929
61.400000000000006	-4.4056989740449986
61.29999999999998	-4.392074156869839
61.19999999999999	-4.378455552516792
61.099999999999994	-4.36484313672249
61.	-4.351236885737553
60.900000000000006	-4.337636776316547
60.79999999999998	-4.324042785708202
60.69999999999999	-4.310454891645972
60.599999999999994	-4.296873072338902
60.5	-4.283297306462529
60.400000000000006	-4.269727573150416
60.29999999999998	-4.256163851985606
60.19999999999999	-4.242606122992509
60.099999999999994	-4.229054366628896
60.	-4.215508563778242
59.900000000000006	-4.201968695742176
59.79999999999998	-4.188434744233185
59.69999999999999	-4.174906691367578
59.599999999999994	-4.161384519658517
59.5	-4.147868212009378
59.400000000000006	-4.1343577517072045
59.29999999999998	-4.120853122416394
59.19999999999999	-4.107354308172477
59.099999999999994	-4.093861293376205
59.	-4.080374062787666
58.900000000000006	-4.0668926015206015
58.79999999999998	-4.0534168950369684
58.69999999999999	-4.039946929141452
58.599999999999994	-4.026482689976321
58.5	-4.013024164016372
58.400000000000006	-3.999571338063846
58.29999999999998	-3.9861241992437613
58.19999999999999	-3.972682734999177
58.099999999999994	-3.9592469330865545
58.	-3.9458167815714438
57.900000000000006	-3.9323922688240773
57.79999999999998	-3.918973383515176
57.69999999999999	-3.9055601146118915
57.599999999999994	-3.8921524513737586
57.5	-3.878750383348848
57.400000000000006	-3.8653539003700303
57.29999999999998	-3.8519629925511367
57.19999999999999	-3.8385776502836486
57.099999999999994	-3.8251978642328974
57.	-3.811823625334886
56.900000000000006	-3.798454924792944
56.79999999999998	-3.785091754074408
56.69999999999999	-3.7717341049076456
56.599999999999994	-3.7583819692788576
56.5	-3.745035339429183
56.400000000000006	-3.731694207851846
56.29999999999998	-3.7183585672892177
56.19999999999999	-3.7050284107301983
56.099999999999994	-3.6917037314075105
56.	-3.678384522795066
55.900000000000006	-3.6650707786054952
55.79999999999998	-3.6517624927876664
55.69999999999999	-3.6384596595243064
55.599999999999994	-3.625162273229667
55.5	-3.6118703285472225
55.400000000000006	-3.5985838203475837
55.29999999999998	-3.5853027437262255
55.19999999999999	-3.5720270940006946
55.099999999999994	-3.5587568667125105
55.	-3.5454920576173197
54.900000000000006	-3.5322326626902236
54.79999999999998	-3.518978678122555
54.69999999999999	-3.5057301003169274
54.599999999999994	-3.4924869258883984
54.5	-3.479249151661382
54.400000000000006	-3.466016774668857
54.29999999999998	-3.4527897921503565
54.19999999999999	-3.439568201550174
54.099999999999994	-3.4263520005164088
54.	-3.413141186898846
53.900000000000006	-3.399935758748453
53.79999999999998	-3.3867357143149635
53.69999999999999	-3.3735410520462934
53.599999999999994	-3.360351770586831
53.5	-3.3471678687765367
53.400000000000006	-3.333989345649434
53.29999999999998	-3.3208162004327564
53.19999999999999	-3.307648432545407
53.099999999999994	-3.2944860415971338
53.	-3.2813290273877147
52.900000000000006	-3.268177389905404
52.79999999999998	-3.2550311293263174
52.69999999999999	-3.241890246013567
52.599999999999994	-3.228754740515935
52.5	-3.2156246135675195
52.400000000000006	-3.202499866086572
52.29999999999998	-3.189380499174823
52.19999999999999	-3.1762665141167643
52.099999999999994	-3.1631579123786038
52.	-3.1500546956080564
51.900000000000006	-3.1369568656333238
51.79999999999998	-3.123864424462657
51.69999999999999	-3.1107773742834754
51.599999999999994	-3.097695717462237
51.5	-3.0846194565433973
51.400000000000006	-3.0715485942493186
51.29999999999998	-3.0584831334795886
51.19999999999999	-3.0454230773105095
51.099999999999994	-3.0323684289948916
51.	-3.0193191919613995
50.900000000000006	-3.0062753698144307
50.79999999999998	-2.9932369663335994
50.69999999999999	-2.9802039854735605
50.599999999999994	-2.967176431363574
50.5	-2.954154308307421
50.400000000000006	-2.941137620783069
50.29999999999998	-2.9281263734424736
50.19999999999999	-2.915120571111541
50.099999999999994	-2.902120218789705
50.	-2.8891253216501434
49.900000000000006	-2.876135885039413
49.79999999999998	-2.8631519144775406
49.69999999999999	-2.850173415657892
49.599999999999994	-2.837200394447251
49.5	-2.8242328568856565
49.400000000000006	-2.8112708091867185
49.29999999999998	-2.798314257737324
49.19999999999999	-2.785363209098085
49.099999999999994	-2.772417670003103
49.	-2.759477647360455
48.900000000000006	-2.746543148251982
48.79999999999998	-2.733614179933779
48.69999999999999	-2.720690749836333
48.599999999999994	-2.7077728655645155
48.5	-2.6948605348982944
48.400000000000006	-2.681953765792521
48.29999999999998	-2.669052566377594
48.19999999999999	-2.6561569449597062
48.099999999999994	-2.643266910021046
48.	-2.6303824702203795
47.900000000000006	-2.6175036343933757
47.79999999999998	-2.6046304115530523
47.69999999999999	-2.5917628108900606
47.599999999999994	-2.5789008417735415
47.5	-2.566044513751181
47.400000000000006	-2.553193836550077
47.29999999999998	-2.5403488200771225
47.19999999999999	-2.5275094744196758
47.099999999999994	-2.5146758098460356
47.	-2.5018478368061667
46.900000000000006	-2.4890255659324314
46.79999999999998	-2.476209008039866
46.69999999999999	-2.4633981741275854
46.599999999999994	-2.4505930753787397
46.5	-2.4377937231617333
46.39999999999998	-2.4250001290309178
46.29999999999998	-2.4122123047273853
46.19999999999999	-2.399430262179633
46.099999999999994	-2.38665401350474
46.	-2.373883571008801
45.89999999999998	-2.361118947188328
45.79999999999998	-2.348360154730749
45.69999999999999	-2.335607206515702
45.599999999999994	-2.3228601156156308
45.5	-2.310118895297442
45.39999999999998	-2.2973835590226543
45.29999999999998	-2.2846541204492206
45.19999999999999	-2.2719305934321925
45.099999999999994	-2.259212992025139
45.	-2.246501330480869
44.89999999999998	-2.233795623253319
44.79999999999998	-2.2210958849976956
44.69999999999999	-2.2084021305727277
44.599999999999994	-2.1957143750413275
44.5	-2.183032633672281
44.39999999999998	-2.170356921941214
44.29999999999998	-2.157687255531793
44.19999999999999	-2.145023650338047
44.099999999999994	-2.132366122464355
44.	-2.1197146882282363
43.89999999999998	-2.1070693641608385
43.79999999999998	-2.0944301670090884
43.69999999999999	-2.0817971137367506
43.599999999999994	-2.0691702215265093
43.5	-2.056549507780761
43.39999999999998	-2.043934990124304
43.29999999999998	-2.031326686405107
43.19999999999999	-2.018724614696479
43.099999999999994	-2.0061287932984952
43.	-1.9935392407400654
42.89999999999998	-1.9809559757808737
42.79999999999998	-1.9683790174123015
42.69999999999999	-1.9558083848606103
42.599999999999994	-1.9432440975876992
42.5	-1.9306861752939128
42.39999999999998	-1.9181346379194788
42.29999999999998	-1.905589505646772
42.19999999999999	-1.8930507989021885
42.099999999999994	-1.8805185383585323
42.	-1.8679927449369553
41.89999999999998	-1.8554734398090944
41.79999999999998	-1.8429606443995654
41.69999999999999	-1.8304543803878004
41.599999999999994	-1.8179546697110691
41.5	-1.8054615345656568
41.39999999999998	-1.7929749974105897
41.29999999999998	-1.780495080969152
41.19999999999999	-1.7680218082317363
41.099999999999994	-1.7555552024583174
41.	-1.7430952871808896
40.89999999999998	-1.7306420862063812
40.79999999999998	-1.7181956236192337
40.69999999999999	-1.70575592378382
40.599999999999994	-1.6933230113475375
40.5	-1.6808969112437468
40.39999999999998	-1.6684776486941546
40.29999999999998	-1.6560652492121366
40.19999999999999	-1.643659738605666
40.099999999999994	-1.6312611429802004
40.	-1.6188694887420003
39.89999999999998	-1.606484802601146
39.79999999999998	-1.5941071115744903
39.69999999999999	-1.581736442989646
39.599999999999994	-1.5693728244872225
39.5	-1.5570162840253872
39.39999999999998	-1.5446668498824514
39.29999999999998	-1.5323245506606997
39.19999999999999	-1.519989415290087
39.099999999999994	-1.507661473031611
39.	-1.495340753481257
38.89999999999998	-1.483027286573594
38.79999999999998	-1.470721102585387
38.69999999999999	-1.458422232140535
38.599999999999994	-1.446130706212561
38.5	-1.4338465561301192
38.39999999999998	-1.421569813579771
38.29999999999998	-1.4093005106115557
38.19999999999999	-1.3970386796422072
38.099999999999994	-1.384784353460137
38.	-1.3725375652294876
37.89999999999998	-1.3602983484951308
37.79999999999998	-1.3480667371867021
37.69999999999999	-1.3358427656239962
37.599999999999994	-1.3236264685211956
37.5	-1.3114178809918995
37.39999999999998	-1.2992170385544024
37.29999999999998	-1.2870239771364647
37.19999999999999	-1.2748387330805513
37.099999999999994	-1.262661343149039
37.	-1.2504918445299227
36.89999999999998	-1.2383302748415823
36.79999999999998	-1.2261766721393617
36.69999999999999	-1.214031074920345
36.599999999999994	-1.2018935221296827
36.5	-1.1897640531663853
36.39999999999998	-1.1776427078891705
36.29999999999998	-1.1655295266228274
36.19999999999999	-1.1534245501645168
36.099999999999994	-1.1413278197900913
36.	-1.1292393772601637
35.89999999999998	-1.1171592648277984
35.79999999999998	-1.1050875252442305
35.69999999999999	-1.0930242017662053
35.599999999999994	-1.0809693381633636
35.5	-1.0689229787247903
35.39999999999998	-1.0568851682668563
35.29999999999998	-1.0448559521404985
35.19999999999999	-1.032835376238935
35.099999999999994	-1.0208234870052522
35.	-1.0088203314409219
34.89999999999998	-0.9968259571131775
34.79999999999998	-0.9848404121637695
34.69999999999999	-0.9728637453175191
34.599999999999994	-0.960896005890771
34.5	-0.948937243799902
34.39999999999998	-0.9369875095711824
34.29999999999998	-0.9250468543489645
34.19999999999999	-0.9131153299060903
34.099999999999994	-0.9011929886526233
34.	-0.8892798836461275
33.89999999999998	-0.877376068601833
33.79999999999998	-0.8654815979022068
33.69999999999999	-0.8535965266083441
33.599999999999994	-0.8417209104697561
33.5	-0.8298548059359074
33.39999999999998	-0.8179982701672546
33.29999999999998	-0.8061513610465116
33.19999999999999	-0.7943141371903546
33.099999999999994	-0.7824866579617091
33.	-0.770668983481416
32.89999999999998	-0.758861174641253
32.79999999999998	-0.7470632931161534
32.69999999999999	-0.7352754013780176
32.599999999999994	-0.7234975627082725
32.5	-0.7117298412121409
32.39999999999998	-0.6999723018324735
32.29999999999998	-0.6882250103640528
32.19999999999999	-0.676488033468285
32.099999999999994	-0.6647614386882617
32.	-0.6530452944641549
31.899999999999977	-0.6413396701488598
31.799999999999983	-0.6296446360245724
31.69999999999999	-0.6179602633186638
31.599999999999994	-0.6062866242209384
31.5	-0.5946237919015851
31.399999999999977	-0.5829718405277182
31.299999999999983	-0.5713308452829167
31.19999999999999	-0.5597008823850671
31.099999999999994	-0.5480820291059478
31.	-0.5364743637908753
30.899999999999977	-0.5248779658786837
30.799999999999983	-0.5132929159227047
30.69999999999999	-0.5017192956119647
30.599999999999994	-0.4901571877926685
30.5	-0.47860667649091493
30.399999999999977	-0.46706784693584646
30.299999999999983	-0.4555407855828575
30.19999999999999	-0.4440255801377173
30.099999999999994	-0.4325223195823531
30.	-0.4210310941992961
29.899999999999977	-0.40955199559867106
29.799999999999983	-0.39808511674522995
29.69999999999999	-0.38663055198573515
29.599999999999994	-0.37518839707791685
29.5	-0.36375874921957463
29.399999999999977	-0.3523417070791153
29.299999999999983	-0.34093737082643516
29.19999999999999	-0.3295458421648352
29.099999999999994	-0.31816722436446865
29.	-0.3068016222956609
28.899999999999977	-0.2954491424643799
28.799999999999983	-0.2841098930478543
28.69999999999999	-0.27278398393200076
28.599999999999994	-0.2614715267493626
28.5	-0.2501726349189535
28.399999999999977	-0.2388874236866112
28.299999999999983	-0.2276160101668454
28.19999999999999	-0.21635851338648093
28.099999999999994	-0.2051150543290019
28.	-0.19388575598098345
27.899999999999977	-0.18267074337940237
27.799999999999983	-0.1714701436610646
27.69999999999999	-0.16028408611322487
27.599999999999994	-0.1491127022264247
27.5	-0.13795612574860439
27.399999999999977	-0.12681449274134726
27.299999999999983	-0.11568794163790974
27.19999999999999	-0.10457661330398871
27.099999999999994	-0.09348065109893122
27.	-0.08240020094126077
26.899999999999977	-0.07133541137519472
26.799999999999983	-0.0602864336396669
26.69999999999999	-0.049253421740604875
26.599999999999994	-0.03823653252521364
26.5	-0.02723592575947409
26.399999999999977	-0.016251764208060404
26.299999999999983	-0.005284213718133923
26.19999999999999	0.005666556694189584
26.099999999999994	0.0166003747539607
26.	0.027517064833551874
25.899999999999977	0.03841644785550846
25.799999999999983	0.04929834119074927
25.69999999999999	0.06016255855353991
25.599999999999994	0.07100890989127961
25.5	0.08183720126963401
25.399999999999977	0.09264723475338066
25.299999999999983	0.10343880828141616
25.19999999999999	0.11421171553652298
25.099999999999994	0.12496574580945063
25.	0.13570068385654244
24.899999999999977	0.14641630975127606
24.799999999999983	0.15711239872812488
24.69999999999999	0.16778872102036324
24.599999999999994	0.1784450416885086
24.5	0.18908112044179903
24.399999999999977	0.19969671145023238
24.299999999999983	0.21029156314735786
24.19999999999999	0.22086541802295123
24.099999999999994	0.23141801240508775
24.	0.24194907623110629
23.899999999999977	0.25245833280575924
23.799999999999983	0.2629454985471553
23.69999999999999	0.27341028271783285
23.599999999999994	0.28385238714145045
23.5	0.2942715059033212
23.399999999999977	0.3046673250332139
23.299999999999983	0.3150395221702871
23.19999999999999	0.3253877662069984
23.099999999999994	0.3357117169121251
23.	0.34601102452977495
22.899999999999977	0.3562853293537973
22.799999999999983	0.3665342612734621
22.69999999999999	0.37675743929058214
22.599999999999994	0.3869544710031749
22.5	0.3971249520545648
22.399999999999977	0.40726846554299057
22.299999999999983	0.4173845813899275
22.19999999999999	0.42747285566133986
22.099999999999994	0.4375328298391441
22.	0.44756403003585676
21.899999999999977	0.45756596614872036
21.799999999999983	0.4675381309451061
21.69999999999999	0.4774799990740415
21.599999999999994	0.4873910259925136
21.5	0.49727064680090294
21.399999999999977	0.5071182749735295
21.299999999999983	0.5169333009741215
21.19999999999999	0.526715090741741
21.099999999999994	0.5364629840288866
21.	0.5461762925767504
20.899999999999977	0.5558542981017722
20.799999999999983	0.5654962500698049
20.69999999999999	0.5751013632272239
20.599999999999994	0.5846688148546586
20.5	0.5941977416972821
20.399999999999977	0.6036872365270243
20.299999999999983	0.6131363442692601
20.19999999999999	0.6225440576306416
20.099999999999994	0.6319093121247656
20.	0.6412309804051608
19.899999999999977	0.6505078657379517
19.799999999999983	0.6597386945499304
19.69999999999999	0.6689221076169074
19.599999999999994	0.678056649910838
19.5	0.6871407585556863
19.399999999999977	0.6961727485280631
19.299999999999983	0.7051507955034033
19.19999999999999	0.7140729150648666
19.099999999999994	0.7229369372114265
19.	0.7317404746936658
18.899999999999977	0.740480883098567
18.799999999999983	0.7491552096756484
18.69999999999999	0.7577601264337921
18.599999999999994	0.766291840647152
18.5	0.7747459718408007
18.399999999999977	0.7831173770471604
18.299999999999983	0.7913998922979761
18.19999999999999	0.79958592999599
18.099999999999994	0.8076658079412666
18.	0.8156265217290681
17.899999999999977	0.8234491644948061
17.799999999999983	0.8311020515645522
17.69999999999999	0.838568931662391
17.599999999999994	0.8460014322441078
17.5	0.8534197528852558
17.399999999999977	0.8608231417624526
17.299999999999983	0.8682129231076845
17.19999999999999	0.8755894695187638
17.099999999999994	0.8829500285068661
17.	0.8902986553443983
16.899999999999977	0.8976333828661205
16.799999999999983	0.9049528488900651
16.69999999999999	0.9122614310894972
16.599999999999994	0.9195541287374474
16.5	0.926835016144516
16.399999999999977	0.934100592044655
16.299999999999983	0.9413548654554955
16.19999999999999	0.9485971570266343
16.099999999999994	0.955823572426391
16.	0.9630388894448771
15.899999999999977	0.9702412374621916
15.799999999999983	0.9774300158575056
15.699999999999989	0.9846063956388253
15.599999999999994	0.9917711587689428
15.5	0.9989228489461492
15.399999999999977	1.0060633592437664
15.299999999999983	1.013190292621357
15.199999999999989	1.0203053747443145
15.099999999999994	1.0274093088118952
15.	1.0344990231982234
14.899999999999977	1.0415785844027972
14.799999999999983	1.04864626081897
14.699999999999989	1.055702878542129
14.599999999999994	1.0627450855508351
14.5	1.069778514966931
14.399999999999977	1.076800185382118
14.299999999999983	1.0838085144104301
14.199999999999989	1.0908070667785221
14.099999999999994	1.0977945597558643
14.	1.1047706453890271
13.899999999999977	1.111734399582777
13.799999999999983	1.1186888850373462
13.699999999999989	1.125631529662845
13.599999999999994	1.1325633896369207
13.5	1.1394850805652426
13.399999999999977	1.1463960263622694
13.299999999999983	1.1532969261992334
13.199999999999989	1.1601854799658278
13.099999999999994	1.1670639817567363
13.	1.1739329405200656
12.899999999999977	1.1807922338514816
12.799999999999983	1.1876390334981066
12.699999999999989	1.1944774588402607
12.599999999999994	1.2013054239479053
12.5	1.2081230454173417
12.399999999999977	1.2149324814049365
12.299999999999983	1.2217292958512358
12.199999999999989	1.2285188049209825
12.099999999999994	1.2352957299797676
12.	1.2420654175895487
11.899999999999977	1.2488233239294373
11.799999999999983	1.2555734888761556
11.699999999999989	1.2623138598481847
11.599999999999994	1.2690458736184873
11.5	1.2757659699108181
11.399999999999977	1.2824782421194145
11.299999999999983	1.2891809630821514
11.199999999999989	1.295874644654397
11.099999999999994	1.3025596114287579
11.	1.3092369363773988
10.899999999999977	1.3159021216618274
10.799999999999983	1.3225599318195558
10.699999999999989	1.329209119089431
10.599999999999994	1.335849318022592
10.5	1.3424810464614756
10.399999999999977	1.3491038678400726
10.299999999999983	1.3557183881627037
10.199999999999989	1.362324050741093
10.099999999999994	1.3689216237923414
10.	1.3755121907301175
9.899999999999977	1.3820909881077115
9.799999999999983	1.3886634886909452
9.699999999999989	1.3952292107652102
9.599999999999994	1.401784932936692
9.5	1.4083311307449748
9.399999999999977	1.4148707537335516
9.299999999999983	1.4214024347882692
9.199999999999989	1.4279261015333677
9.099999999999994	1.4344418853405017
9.	1.4409497901869677
8.899999999999977	1.4474498997443297
8.799999999999983	1.4539422468136753
8.699999999999989	1.4604268953563488
8.599999999999994	1.466903889109767
8.5	1.4733732836826392
8.399999999999977	1.4798351265873877
8.299999999999983	1.486289469725663
8.199999999999989	1.492736361541928
8.099999999999994	1.499175851924699
8.	1.5056079891441283
7.899999999999977	1.512032821776378
7.799999999999983	1.5184503815308852
7.699999999999989	1.5248606825640727
7.599999999999994	1.5312656740283197
7.5	1.5376612719452134
7.399999999999977	1.5440499921949649
7.299999999999983	1.5504307810057303
7.199999999999989	1.556807829062696
7.099999999999994	1.5631752178411789
7.	1.5695357478382794
6.899999999999977	1.5758906016362046
6.799999999999983	1.58223699472356
6.699999999999989	1.588579770537379
6.599999999999994	1.5949133139427207
6.5	1.6012407507156086
6.399999999999977	1.6075614002965133
6.299999999999983	1.6138749329203448
6.199999999999989	1.6201827311206451
6.099999999999994	1.6264834839011588
6.	1.6327790154372286
5.899999999999977	1.639066005074115
5.799999999999983	1.6453499868936496
5.699999999999989	1.6516246841783417
5.599999999999994	1.6578927868507727
5.5	1.6641575498199535
5.399999999999977	1.67041274239986
5.299999999999983	1.676664499226204
5.199999999999989	1.682909139596835
5.099999999999994	1.6891465347799612
5.	1.6953787732386882
4.899999999999977	1.7016051248417543
4.799999999999983	1.7078251218898197
4.699999999999989	1.714039569915433
4.599999999999994	1.7202476894252527
4.5	1.7264502874339265
4.399999999999977	1.732646608343467
4.299999999999983	1.738837432503566
4.199999999999989	1.745022452212725
4.099999999999994	1.7512017432990818
4.	1.7573753126572944
3.8999999999999773	1.7635432133384834
3.799999999999983	1.7697054489967519
3.6999999999999886	1.7758621291247398
3.5999999999999943	1.782013098705333
3.5	1.788158786711818
3.3999999999999773	1.7942984564563091
3.299999999999983	1.8004332610898461
3.1999999999999886	1.8065623126586663
3.0999999999999943	1.8126859654847212
3.	1.8188042642660651
2.8999999999999773	1.8249172233500133
2.799999999999983	1.831026597322687
2.6999999999999886	1.8371284839966937
2.5999999999999943	1.843225458325259
2.5	1.8493167244912596
2.3999999999999773	1.8554027826594401
2.299999999999983	1.8614856750172248
2.1999999999999886	1.867562271990228
2.0999999999999943	1.8736326553602596
2.	1.8796990916493068
1.8999999999999773	1.8857602048054833
1.799999999999983	1.8918168231427512
1.6999999999999886	1.8978675284159225
1.5999999999999943	1.903914528499581
1.5	1.9099549549053483
1.3999999999999773	1.9159911671413334
1.299999999999983	1.9220227259404636
1.1999999999999886	1.9280501893689779
1.0999999999999943	1.9340723088291558
1.	1.940088174307856